2,1621,196,1,300,101,195
101,1700,1,1,28
101,122,0.2375,1.9,0.52631578947368,0.10526315789474,0.38,0.19,2
77,500003,1.6467177343059,1,167
64,500004,1.9973143711661,1,168
73,122,0.225625,1.9,0.5,0.10526315789474,0.38,0.19,2
77,500003,1.6467177343059,1,167
64,500004,1.9973143711661,1,168
0,122,0.25,1.9,0.55401662049861,0.11080332409973,0.38,0.19,2
77,500003,1.6467177343059,0,167
64,500004,1.9433278887523,1,168
73,122,0.25,1.9,0.55401662049861,0.10526315789474,0.38,0.1805,2
77,500003,1.6466695471857,1,167
64,500004,1.9973143711661,1,168
73,122,0.2375,1.805,0.5,0.10526315789474,0.38,0.1805,2
77,500003,1.6467177343059,1,167
64,500004,1.9973143711661,1,168
73,122,0.2375,1.805,0.55401662049861,0.11080332409973,0.4,0.19,2
77,500003,1.6467177343059,1,167
64,500004,1.9973143711661,1,168
73,122,0.2375,1.9,0.52631578947368,0.11080332409973,0.4,0.19,2
77,500003,1.6467177343059,1,167
64,500004,1.9973143711661,1,168
73,122,0.225625,1.805,0.55401662049861,0.10526315789474,0.4,0.2,2
77,500003,1.6467177343059,1,167
64,500004,1.9973143711661,1,168
73,122,0.25,2,0.5,0.11080332409973,0.4,0.2,2
77,500003,1.6467177343059,1,167
64,500004,1.9973143711661,1,168
73,122,0.225625,1.9,0.5,0.10526315789474,0.38,0.19,2
77,500003,1.6467177343059,1,167
64,500004,1.9973143711661,1,168
73,122,0.2375,1.9,0.55401662049861,0.11080332409973,0.38,0.19,2
77,500003,1.6467177343059,1,167
64,500004,1.9973143711661,1,168
73,122,0.2375,2,0.5,0.10526315789474,0.38,0.1805,2
77,500003,1.6467177343059,1,167
64,500004,1.9973143711661,1,168
73,122,0.25,2,0.5,0.1,0.38,0.2,2
77,500003,1.6467177343059,1,167
64,500004,1.9973143711661,1,168
73,122,0.2375,2,0.55401662049861,0.10526315789474,0.4,0.2,2
77,500003,1.6467177343059,1,167
64,500004,1.9973143711661,1,168
0,122,0.2375,1.805,0.55401662049861,0.10526315789474,0.4,0.19,2
77,500003,1.6972788733209,0,167
64,500004,1.9973143711661,1,168
73,122,0.2375,1.805,0.55401662049861,0.1,0.4,0.19,2
77,500003,1.6467177343059,1,167
64,500004,2.0014069032868,1,168
80,122,0.2375,2,0.5,0.10526315789474,0.4,0.2,2
77,500003,1.6467177343059,1,167
64,500004,1.9973143711661,0,168
80,122,0.2375,2,0.5,0.11080332409973,0.38,0.19,2
77,500003,1.6467177343059,1,167
64,500004,1.9973143711661,0,168
73,122,0.25,1.805,0.52631578947368,0.11080332409973,0.4,0.1805,2
77,500003,1.6467177343059,1,167
64,500004,1.9973143711661,1,168
0,122,0.2375,2,0.55401662049861,0.11080332409973,0.4,0.19,2
77,500003,1.6467177343059,0,167
64,500004,1.9973143711661,1,168
73,122,0.25,2,0.5,0.11080332409973,0.361,0.1805,2
77,500003,1.6467177343059,1,167
64,500004,1.9973143711661,1,168
73,122,0.2375,2,0.5,0.1,0.4,0.19,2
77,500003,1.6467177343059,1,167
64,500004,1.9973143711661,1,168
73,122,0.225625,2,0.55401662049861,0.10526315789474,0.4,0.19,2
77,500003,1.6467177343059,1,167
64,500004,1.9973143711661,1,168
73,122,0.25,1.805,0.55401662049861,0.11080332409973,0.361,0.1805,2
77,500003,1.6467177343059,1,167
64,500004,1.9973143711661,1,168
0,122,0.225625,1.9,0.5,0.11080332409973,0.4,0.2,2
77,500003,1.6467177343059,0,167
64,500004,1.9973143711661,1,168
73,122,0.225625,1.9,0.55401662049861,0.1,0.361,0.1805,2
77,500003,1.6467177343059,1,167
64,500004,1.9973143711661,1,168
80,122,0.2375,2,0.55401662049861,0.1,0.38,0.2,2
77,500003,1.6467177343059,1,167
64,500004,0.50483718375195,0,168
73,122,0.25,1.805,0.52631578947368,0.11080332409973,0.38,0.19,2
77,500003,1.6467177343059,1,167
64,500004,1.9973143711661,1,168
0,122,0.225625,1.805,0.52631578947368,0.11080332409973,0.361,0.2,2
77,500003,1.6467177343059,0,167
64,500004,1.9973143711661,1,168
80,1388,1,1,25
80,122,0.2375,1.9,0.5,0.10526315789474,0.38,0.2,2
77,500003,0.78939176610614,1,491
70,500002,1.5310975580374,0,492
80,122,0.225625,1.9,0.5,0.1,0.4,0.2,2
77,500003,0.78939176610614,1,491
70,500002,1.5310975580374,0,492
67,122,0.225625,2,0.52631578947368,0.11080332409973,0.38,0.2,2
77,500003,0.78939176610614,1,491
70,500002,1.5310975580374,1,492
0,122,0.25,1.805,0.5,0.1,0.38,0.2,2
77,500003,0.87869808038575,0,491
70,500002,1.5310975580374,1,492
67,122,0.25,1.9,0.5,0.10526315789474,0.4,0.19,2
77,500003,0.78939176610614,1,491
70,500002,1.5310975580374,1,492
80,122,0.25,1.9,0.5,0.11080332409973,0.4,0.19,2
77,500003,0.78939176610614,1,491
70,500002,1.5310975580374,0,492
67,122,0.2375,2,0.5,0.10526315789474,0.361,0.2,2
77,500003,0.78939176610614,1,491
70,500002,1.4611394968944,1,492
80,122,0.225625,1.9,0.5,0.1,0.4,0.21052631578947,2
77,500003,0.78939176610614,1,491
70,500002,1.5310975580374,0,492
80,122,0.2375,1.805,0.5,0.11080332409973,0.4,0.19,2
77,500003,0.78939176610614,1,491
70,500002,1.5310975580374,0,492
80,122,0.225625,1.9,0.5,0.10526315789474,0.361,0.21052631578947,2
77,500003,0.78939176610614,1,491
70,500002,1.5310975580374,0,492
0,122,0.2375,1.9,0.475,0.1,0.4,0.19,2
77,500003,0.78939176610614,0,491
70,500002,1.5310975580374,0,492
80,122,0.225625,2,0.475,0.10526315789474,0.361,0.2,2
77,500003,0.78939176610614,1,491
70,500002,1.5310975580374,0,492
80,122,0.2375,1.9,0.5,0.10526315789474,0.38,0.21052631578947,2
77,500003,0.78939176610614,1,491
70,500002,1.5310975580374,0,492
0,122,0.25,1.9,0.5,0.1,0.4,0.2,2
77,500003,0.78939176610614,0,491
70,500002,1.5310975580374,0,492
0,122,0.25,1.805,0.52631578947368,0.1,0.4,0.21052631578947,2
77,500003,0.78939176610614,0,491
70,500002,1.5310975580374,1,492
80,122,0.225625,1.805,0.475,0.11080332409973,0.4,0.19,2
77,500003,0.78939176610614,1,491
70,500002,1.5310975580374,0,492
67,122,0.225625,1.9,0.475,0.10526315789474,0.38,0.2,2
77,500003,0.78939176610614,1,491
70,500002,1.5310975580374,1,492
0,122,0.25,1.9,0.52631578947368,0.11080332409973,0.38,0.21052631578947,2
77,500003,0.78939176610614,0,491
70,500002,1.4953782211294,0,492
80,122,0.225625,1.805,0.475,0.11080332409973,0.4,0.2,2
77,500003,0.78939176610614,1,491
70,500002,1.5310975580374,0,492
80,122,0.25,1.9,0.52631578947368,0.10526315789474,0.361,0.2,2
77,500003,0.78939176610614,1,491
70,500002,1.4841793653114,0,492
0,122,0.25,2,0.5,0.1,0.361,0.21052631578947,2
77,500003,0.78939176610614,0,491
70,500002,1.5310975580374,1,492
0,122,0.25,1.9,0.52631578947368,0.1,0.4,0.21052631578947,2
77,500003,0.78939176610614,0,491
70,500002,1.5310975580374,0,492
80,122,0.25,1.805,0.475,0.11080332409973,0.361,0.19,2
77,500003,0.78939176610614,1,491
70,500002,1.5310975580374,0,492
80,122,0.25,1.805,0.475,0.11080332409973,0.4,0.21052631578947,2
77,500003,0.78939176610614,1,491
70,500002,1.5310975580374,0,492
80,122,0.2375,2,0.5,0.1,0.38,0.2,2
77,500003,0.77102267525254,1,491
70,500002,1.5310975580374,0,492
80,122,0.225625,1.9,0.5,0.11080332409973,0.38,0.19,2
77,500003,0.78939176610614,1,491
70,500002,1.4363025025093,0,492
71,839,0,0,16
64,122,0.2375,2,0.5,0.095,0.42105263157895,0.19,2
88,500003,0.1242602313303,1,345
45,500001,-1.7244788964507,1,346
64,122,0.2375,2.1052631578947,0.52631578947368,0.1,0.42105263157895,0.19,2
88,500003,0.1242602313303,1,345
45,500001,-1.8058870204779,1,346
64,122,0.2375,2,0.52631578947368,0.1,0.4,0.1805,2
88,500003,0.1242602313303,1,345
45,500001,-1.7244788964507,1,346
64,122,0.225625,2,0.5,0.1,0.42105263157895,0.2,2
88,500003,0.1242602313303,1,345
45,500001,-1.7244788964507,0,346
0,122,0.25,2.1052631578947,0.52631578947368,0.095,0.42105263157895,0.2,2
88,500003,0.1242602313303,0,345
45,500001,-1.7244788964507,1,346
64,122,0.225625,2,0.475,0.09025,0.42105263157895,0.2,2
88,500003,0.1242602313303,1,345
45,500001,-1.7244788964507,1,346
64,122,0.25,1.9,0.475,0.1,0.4,0.19,2
88,500003,0.1242602313303,1,345
45,500001,-1.7244788964507,0,346
64,122,0.225625,2.1052631578947,0.5,0.1,0.44321329639889,0.19,2
88,500003,0.11151875362407,1,345
45,500001,-1.7244788964507,1,346
64,122,0.25,1.9,0.52631578947368,0.095,0.42105263157895,0.1805,2
88,500003,0.1242602313303,1,345
45,500001,-1.7244788964507,0,346
64,122,0.25,2,0.475,0.09025,0.42105263157895,0.2,2
88,500003,0.1242602313303,1,345
45,500001,-1.7244788964507,1,346
0,122,0.25,2.1052631578947,0.52631578947368,0.09025,0.4,0.2,2
88,500003,0.1242602313303,0,345
45,500001,-1.7244788964507,1,346
64,122,0.25,1.9,0.5,0.09025,0.42105263157895,0.1805,2
88,500003,0.1242602313303,1,345
45,500001,-1.7244788964507,1,346
64,122,0.25,2,0.5,0.09025,0.4,0.1805,2
88,500003,0.1242602313303,1,345
45,500001,-1.7244788964507,1,346
71,122,0.25,2,0.52631578947368,0.09025,0.4,0.19,2
88,500003,0.1242602313303,1,345
45,500001,1.2608417004913,1,346
64,122,0.25,1.9,0.475,0.1,0.4,0.19,2
88,500003,0.1242602313303,1,345
45,500001,-1.7244788964507,1,346
64,122,0.225625,1.9,0.475,0.09025,0.4,0.1805,2
88,500003,0.1242602313303,1,345
45,500001,-1.7244788964507,1,346
0,122,0.2375,1.9,0.475,0.1,0.42105263157895,0.1805,2
88,500003,0.1242602313303,0,345
45,500001,-1.7244788964507,1,346
33,165,1,1,10
33,122,0.26315789473684,2,0.475,0.095,0.38,0.2,2
43,500003,1.6458632160405,1,378
116,500005,1.4452955717643,1,379
0,122,0.26315789473684,2,0.45125,0.1,0.361,0.19,2
43,500003,1.6458632160405,1,378
116,500005,1.4532212286752,0,379
33,122,0.27700831024931,1.9,0.475,0.09025,0.4,0.2,2
43,500003,1.5688944288461,1,378
116,500005,1.4452955717643,1,379
0,122,0.25,2.1052631578947,0.5,0.09025,0.4,0.2,2
43,500003,1.6458632160405,0,378
116,500005,1.4452955717643,1,379
0,122,0.25,2,0.5,0.1,0.38,0.2,2
43,500003,1.6458632160405,1,378
116,500005,1.4452955717643,0,379
33,122,0.26315789473684,2.1052631578947,0.5,0.095,0.361,0.21052631578947,2
43,500003,1.6458632160405,1,378
116,500005,1.4452955717643,1,379
33,122,0.27700831024931,1.9,0.475,0.095,0.38,0.2,2
43,500003,1.6458632160405,1,378
116,500005,1.4452955717643,1,379
0,122,0.26315789473684,2,0.5,0.095,0.361,0.21052631578947,2
43,500003,1.6458632160405,0,378
116,500005,1.4452955717643,1,379
0,122,0.26315789473684,2,0.475,0.09025,0.361,0.19,2
43,500003,1.6458632160405,1,378
116,500005,1.4452955717643,0,379
33,122,0.27700831024931,2.1052631578947,0.5,0.09025,0.38,0.21052631578947,2
43,500003,1.6458632160405,1,378
116,500005,1.4452955717643,1,379
33,122,0.27700831024931,2,0.475,0.1,0.4,0.2,2
43,500003,1.6458632160405,1,378
116,500005,1.4452955717643,1,379
26,0,1,1,10
26,122,0.25,1.9,0.475,0.1,0.38,0.21052631578947,2
23,500001,-0.3074434644612,1,255
83,500003,1.296853541673,1,256
0,122,0.2375,1.805,0.5,0.1,0.38,0.2,2
23,500001,-0.3074434644612,1,255
83,500003,1.296853541673,1,256
0,122,0.25,2,0.45125,0.095,0.4,0.21052631578947,2
23,500001,-0.23833384197516,1,255
83,500003,1.296853541673,1,256
0,122,0.26315789473684,1.805,0.45125,0.095,0.361,0.22160664819944,2
23,500001,-0.38059465315714,1,255
83,500003,1.296853541673,1,256
0,122,0.25,2,0.475,0.10526315789474,0.38,0.21052631578947,2
23,500001,-0.3074434644612,1,255
83,500003,1.296853541673,1,256
0,122,0.26315789473684,2,0.45125,0.095,0.4,0.2,2
23,500001,-0.3074434644612,1,255
83,500003,1.2190693380535,1,256
0,122,0.25,1.805,0.45125,0.1,0.4,0.2,2
23,500001,-0.3074434644612,0,255
83,500003,1.296853541673,1,256
0,122,0.26315789473684,1.9,0.475,0.10526315789474,0.4,0.21052631578947,2
23,500001,-0.3074434644612,1,255
83,500003,1.296853541673,1,256
0,122,0.25,1.805,0.475,0.10526315789474,0.4,0.22160664819944,2
23,500001,-0.3074434644612,1,255
83,500003,1.3997715930501,0,256
0,122,0.25,2,0.45125,0.1,0.4,0.21052631578947,2
23,500001,-0.3074434644612,0,255
83,500003,1.296853541673,1,256
0,122,0.26315789473684,2,0.45125,0.095,0.38,0.2,2
23,500001,-0.3074434644612,1,255
83,500003,1.296853541673,1,256
18,48,1,1,11
18,123,0.2375,2.1052631578947,0.52631578947368,0.095,0.38,0.2,5
52,500002,0.46259956663717,0,516
90,500005,1.2795190282907,1,517
63,500003,0.43061616870632,1,518
52,123,0.97600283822138,1,519
123,500002,0.46259956663717,0,520
8,124,0.2375,2,0.55401662049861,0.095,0.4,0.19,7
52,500002,0.46259956663717,0,516
90,500005,1.2795190282907,1,517
63,500003,0.43061616870632,1,518
52,123,0.97600283822138,1,519
123,500002,0.46259956663717,0,520
52,124,1,1,1481
124,500002,0.46259956663717,0,1482
0,123,0.225625,2.2160664819944,0.5,0.09025,0.361,0.21052631578947,5
52,500002,0.46259956663717,1,516
90,500005,1.2795190282907,1,517
63,500003,0.43061616870632,1,518
52,123,0.97600283822138,1,519
123,500002,0.46259956663717,1,520
0,123,0.2375,2,0.55401662049861,0.095,0.361,0.2,5
52,500002,0.46259956663717,1,516
90,500005,1.2795190282907,1,517
63,500003,0.43061616870632,1,518
52,123,0.97600283822138,1,519
123,500002,0.46259956663717,1,520
0,124,0.2375,2.1052631578947,0.52631578947368,0.09025,0.361,0.2,7
52,500002,0.46259956663717,1,516
90,500005,1.2795190282907,1,517
63,500003,0.43061616870632,1,518
52,123,0.97600283822138,1,519
123,500002,0.46259956663717,0,520
123,124,1,0,1492
124,500002,0.46259956663717,1,1493
8,124,0.25,2.1052631578947,0.52631578947368,0.09025,0.4,0.2,7
52,500002,0.46259956663717,0,516
90,500005,1.2795190282907,1,517
63,500003,0.43061616870632,1,518
52,123,0.97600283822138,1,519
123,500002,0.46259956663717,0,520
123,124,1,0,1496
124,500002,0.46259956663717,0,1497
0,124,0.25,2.2160664819944,0.5,0.095,0.4,0.19,7
52,500002,0.46259956663717,1,516
90,500005,1.2795190282907,1,517
63,500003,0.43061616870632,0,518
52,123,0.97600283822138,1,519
123,500002,0.46259956663717,0,520
63,124,0.95674016541032,1,1502
124,500003,0.43061616870632,1,1503
8,124,0.225625,2,0.52631578947368,0.095,0.361,0.19,7
52,500002,0.46259956663717,0,516
90,500005,1.2795190282907,1,517
63,500003,0.43061616870632,1,518
52,123,0.97600283822138,1,519
123,500002,0.46259956663717,0,520
52,124,1,1,1506
124,500002,0.3798054445021,0,1507
8,123,0.25,2.1052631578947,0.5,0.1,0.361,0.19,5
52,500002,0.46259956663717,0,516
90,500005,1.2795190282907,1,517
63,500003,0.43061616870632,1,518
52,123,0.97600283822138,1,519
123,500002,0.46259956663717,0,520
0,123,0.25,2,0.55401662049861,0.09025,0.361,0.21052631578947,5
52,500002,0.46259956663717,0,516
90,500005,1.2795190282907,1,517
63,500003,0.43061616870632,1,518
52,123,0.97600283822138,1,519
123,500002,0.46259956663717,1,520
8,124,0.2375,2,0.55401662049861,0.095,0.4,0.19,7
52,500002,0.46259956663717,0,516
90,500005,1.2795190282907,0,517
63,500003,0.43061616870632,1,518
52,123,0.97600283822138,0,519
123,500002,0.46259956663717,0,520
90,124,1,1,1514
124,500005,1.2795190282907,1,1515
8,123,0.2375,2.2160664819944,0.5,0.095,0.4,0.2,5
52,500002,0.46259956663717,0,516
90,500005,1.2795190282907,1,517
63,500003,0.43061616870632,1,518
52,123,0.97600283822138,1,519
123,500002,0.46259956663717,0,520
16,112,1,1,9
16,123,0.26315789473684,2.1052631578947,0.52631578947368,0.1,0.42105263157895,0.2,4
40,500003,0.94442579424421,1,679
19,500004,1.1388897366253,0,680
19,123,1,1,681
123,500004,1.1388897366253,1,682
16,124,0.26315789473684,2.2160664819944,0.52631578947368,0.1,0.42105263157895,0.21052631578947,6
40,500003,0.94442579424421,0,679
19,500004,1.1388897366253,0,680
19,123,1,1,681
123,500004,1.1388897366253,1,682
40,124,1,1,1522
124,500003,0.94442579424421,1,1523
16,123,0.25,2.2160664819944,0.52631578947368,0.10526315789474,0.44321329639889,0.19,4
40,500003,0.94442579424421,1,679
19,500004,1.1388897366253,0,680
19,123,1,1,681
123,500004,1.1388897366253,0,682
0,124,0.26315789473684,2,0.55401662049861,0.1,0.42105263157895,0.21052631578947,6
40,500003,0.94442579424421,0,679
19,500004,1.1388897366253,0,680
19,123,1,1,681
123,500004,1.1184820093387,1,682
19,124,1,1,1528
124,500004,1.1388897366253,0,1529
16,123,0.25,2.2160664819944,0.55401662049861,0.1,0.44321329639889,0.21052631578947,4
40,500003,0.94442579424421,1,679
19,500004,1.1388897366253,1,680
19,123,1,1,681
123,500004,1.1388897366253,1,682
16,124,0.27700831024931,2.1052631578947,0.52631578947368,0.10526315789474,0.42105263157895,0.19,6
40,500003,0.94442579424421,1,679
19,500004,1.1108159203821,0,680
19,123,1,0,681
123,500004,1.1388897366253,1,682
19,124,1,1,1536
124,123,1,0,1537
16,123,0.25,2,0.55401662049861,0.10526315789474,0.42105263157895,0.21052631578947,4
40,500003,0.94442579424421,1,679
19,500004,1.1388897366253,0,680
19,123,1,1,681
123,500004,1.1388897366253,1,682
16,124,0.25,2.2160664819944,0.52631578947368,0.10526315789474,0.44321329639889,0.21052631578947,6
40,500003,0.94442579424421,1,679
19,500004,1.1388897366253,0,680
19,123,1.0951502875968,1,681
123,500004,1.1388897366253,0,682
123,124,1,1,1544
124,500004,1.1388897366253,1,1545
16,123,0.27700831024931,2.1052631578947,0.55401662049861,0.10526315789474,0.4,0.21052631578947,4
40,500003,0.94442579424421,1,679
19,500004,1.1388897366253,1,680
19,123,1,1,681
123,500004,1.1388897366253,1,682
0,123,0.26315789473684,2.1052631578947,0.52631578947368,0.10526315789474,0.42105263157895,0.21052631578947,4
40,500003,0.94442579424421,0,679
19,500004,1.1388897366253,0,680
19,123,1,1,681
123,500004,1.1388897366253,1,682
11,55,1,1,7
11,123,0.25,2,0.5,0.10526315789474,0.42105263157895,0.21052631578947,4
61,500003,-1.3856013672292,0,547
62,500005,0.89107943968017,1,548
61,123,-1.6776024658956,1,549
123,500003,-1.3856013672292,1,550
11,124,0.26315789473684,1.9,0.475,0.1,0.44321329639889,0.22160664819944,6
61,500003,-1.3856013672292,0,547
62,500005,0.89107943968017,1,548
61,123,-1.6776024658956,1,549
123,500003,-1.3856013672292,0,550
123,124,1,1,1552
124,500003,-1.3856013672292,1,1553
11,124,0.2375,2,0.5,0.1,0.4,0.2,6
61,500003,-1.3856013672292,0,547
62,500005,0.89107943968017,1,548
61,123,-1.6776024658956,0,549
123,500003,-1.3856013672292,1,550
61,124,1,1,1556
124,123,-1.6776024658956,1,1557
11,124,0.25,2,0.52631578947368,0.1,0.42105263157895,0.2,6
61,500003,-1.3856013672292,0,547
62,500005,0.89107943968017,1,548
61,123,-1.6776024658956,1,549
123,500003,-1.3856013672292,0,550
123,124,1,1,1560
124,500003,-1.3856013672292,1,1561
11,124,0.25,1.9,0.5,0.1,0.44321329639889,0.21052631578947,6
61,500003,-1.3856013672292,0,547
62,500005,0.89107943968017,1,548
61,123,-1.6776024658956,1,549
123,500003,-1.4240150151066,0,550
123,124,1,1,1564
124,500003,-1.3856013672292,1,1565
0,123,0.25,2,0.475,0.11080332409973,0.42105263157895,0.2,4
61,500003,-1.3856013672292,1,547
62,500005,0.89107943968017,0,548
61,123,-1.6776024658956,1,549
123,500003,-1.3856013672292,1,550
11,124,0.26315789473684,2,0.5,0.10526315789474,0.4,0.21052631578947,6
61,500003,-1.3856013672292,0,547
62,500005,0.89107943968017,0,548
61,123,-1.6323868847509,1,549
123,500003,-1.3856013672292,1,550
62,124,1,1,1572
124,500005,0.89107943968017,1,1573
0,123,0.25,2,0.52631578947368,0.11080332409973,0.4,0.22160664819944,4
61,500003,-1.3856013672292,1,547
62,500005,0.89107943968017,1,548
61,123,-1.6776024658956,1,549
123,500003,-1.3856013672292,1,550
9,0,1,1,0
9,122,0.2375,1.9,0.52631578947368,0.1,0.38,0.2,2
96,500004,0.62703329569384,1,79
111,500003,1.6695791497543,1,80
9,0,1,1,2
9,122,0.26315789473684,2.1052631578947,0.52631578947368,0.10526315789474,0.38,0.19,2
18,500002,-0.83211767937254,1,179
84,500003,1.8353221228675,1,180
0,122,0.26315789473684,2,0.5,0.1,0.4,0.1805,2
18,500002,-0.83211767937254,1,179
84,500003,1.8353221228675,1,180
0,122,0.25,2,0.5,0.1,0.38,0.1805,2
18,500002,-0.83211767937254,1,179
84,500003,1.8353221228675,0,180
9,0,1,1,4
9,123,0.2375,1.9,0.475,0.1,0.42105263157895,0.2,4
27,500005,0.45161290322581,1,303
43,500003,1.9940183721427,0,304
43,123,0.92910855433821,1,305
123,500003,1.9940183721427,1,306
0,124,0.225625,2,0.475,0.1,0.42105263157895,0.19,6
27,500005,0.45161290322581,1,303
43,500003,1.9940183721427,1,304
43,123,0.92910855433821,0,305
123,500003,1.9940183721427,1,306
43,124,1.0324259163182,0,1610
124,123,0.92910855433821,1,1611
0,123,0.225625,1.9,0.475,0.095,0.44321329639889,0.19,4
27,500005,0.45161290322581,1,303
43,500003,1.9940183721427,0,304
43,123,0.92910855433821,1,305
123,500003,1.9940183721427,1,306
0,123,0.25,1.9,0.475,0.095,0.4,0.19,4
27,500005,0.45161290322581,1,303
43,500003,1.9940183721427,1,304
43,123,0.92910855433821,1,305
123,500003,1.9940183721427,1,306
0,123,0.25,1.9,0.475,0.1,0.42105263157895,0.19,4
27,500005,0.45161290322581,1,303
43,500003,1.9940183721427,1,304
43,123,0.92910855433821,0,305
123,500003,1.9940183721427,1,306
1,0,1,1,0
1,122,0.25,2,0.475,0.10526315789474,0.38,0.19,2
97,500004,-1.9038056581317,0,157
90,500003,1.6568498794519,1,158
1,0,1,1,0
1,122,0.2375,1.9,0.5,0.10526315789474,0.42105263157895,0.21052631578947,2
110,500005,1.6613666188543,1,335
59,500003,0.91000091555528,1,336
1,0,1,1,0
1,122,0.2375,2.1052631578947,0.475,0.095,0.4,0.2,2
111,500003,1.0716269417402,1,181
7,500004,-1.90331736198,1,182
1,0,1,1,0
1,123,0.26315789473684,1.9,0.475,0.10526315789474,0.42105263157895,0.21052631578947,4
3,500005,-1.4462721640675,0,127
78,500003,1.9339579454939,1,128
3,123,1,1,129
123,500005,-1.4462721640675,1,130
1,0,1,1,0
1,123,0.2375,2,0.52631578947368,0.095,0.4,0.2,4
49,500003,1.5606555375835,1,25
4,500005,0.29035309915464,1,26
4,123,1,1,27
123,500005,0.32029953917051,0,28
1,0,1,1,0
1,123,0.25,2.1052631578947,0.475,0.10526315789474,0.42105263157895,0.21052631578947,4
67,500005,1.1777092806787,1,197
98,500003,1.4803308206427,0,198
98,123,1,1,199
123,500003,1.4803308206427,1,200
0,0,1,1,1
0,122,0.2375,1.9,0.52631578947368,0.10526315789474,0.38,0.19,0
0,122,0.2375,1.9,0.52631578947368,0.10526315789474,0.38,0.19,0
0,0,1,1,1
0,122,0.25,1.9,0.55401662049861,0.10526315789474,0.38,0.19,0
0,122,0.25,1.9,0.55401662049861,0.10526315789474,0.38,0.19,0
0,0,1,1,1
0,122,0.2375,1.9,0.52631578947368,0.10526315789474,0.361,0.19,0
0,122,0.2375,1.9,0.52631578947368,0.10526315789474,0.361,0.19,0
0,0,1,1,1
0,122,0.25,1.9,0.55401662049861,0.11080332409973,0.38,0.2,0
0,122,0.25,1.9,0.55401662049861,0.11080332409973,0.38,0.2,0
73,73,0,0,1
73,123,0.225625,2,0.55401662049861,0.1,0.4,0.19,4
77,500003,1.6467177343059,0,167
64,500004,1.9973143711661,1,168
77,123,1.7980895413068,1,866
123,500003,1.6467177343059,1,867
73,123,0.225625,2,0.55401662049861,0.1,0.4,0.19,4
77,500003,1.6467177343059,0,167
64,500004,1.9973143711661,1,168
77,123,1.7980895413068,1,866
123,500003,1.6467177343059,1,867
73,73,0,0,1
73,123,0.25,1.9,0.55401662049861,0.11080332409973,0.361,0.2,4
77,500003,1.6467177343059,0,167
64,500004,1.9973143711661,1,168
77,123,1.091122689734,1,870
123,500003,1.6467177343059,1,871
73,123,0.25,1.9,0.55401662049861,0.11080332409973,0.361,0.2,4
77,500003,1.6467177343059,0,167
64,500004,1.9973143711661,1,168
77,123,1.091122689734,1,870
123,500003,1.6467177343059,1,871
73,73,0,0,1
73,123,0.225625,1.9,0.52631578947368,0.10526315789474,0.38,0.1805,4
77,500003,1.6467177343059,1,167
64,500004,1.9973143711661,0,168
64,123,1,1,875
123,500004,1.9973143711661,1,876
73,123,0.225625,1.9,0.52631578947368,0.10526315789474,0.38,0.1805,4
77,500003,1.6467177343059,1,167
64,500004,1.9973143711661,0,168
64,123,1,1,875
123,500004,1.9973143711661,1,876
0,0,1,1,1
0,123,0.225625,1.805,0.52631578947368,0.11080332409973,0.4,0.2,4
77,500003,1.6467177343059,0,167
64,500004,1.9973143711661,1,168
77,123,1,1,880
123,500003,1.6467177343059,0,881
0,123,0.225625,1.805,0.52631578947368,0.11080332409973,0.4,0.2,4
77,500003,1.6467177343059,0,167
64,500004,1.9973143711661,1,168
77,123,1,1,880
123,500003,1.6467177343059,0,881
0,0,1,1,1
0,122,0.25,2,0.52631578947368,0.1,0.361,0.1805,0
0,122,0.25,2,0.52631578947368,0.1,0.361,0.1805,0
0,0,1,1,1
0,122,0.2375,1.9,0.55401662049861,0.10526315789474,0.38,0.2,0
0,122,0.2375,1.9,0.55401662049861,0.10526315789474,0.38,0.2,0
80,80,0,0,1
80,123,0.225625,2,0.52631578947368,0.1,0.361,0.19,4
77,500003,1.6467177343059,1,167
64,500004,1.9973143711661,0,168
64,123,1,0,888
123,500004,1.9973143711661,1,889
80,123,0.225625,2,0.52631578947368,0.1,0.361,0.19,4
77,500003,1.6467177343059,1,167
64,500004,1.9973143711661,0,168
64,123,1,0,888
123,500004,1.9973143711661,1,889
73,73,0,0,1
73,123,0.25,2,0.5,0.11080332409973,0.4,0.19,4
77,500003,1.6467177343059,1,167
64,500004,1.9973143711661,1,168
64,123,1,1,892
123,500004,1.9973143711661,1,893
73,123,0.25,2,0.5,0.11080332409973,0.4,0.19,4
77,500003,1.6467177343059,1,167
64,500004,1.9973143711661,1,168
64,123,1,1,892
123,500004,1.9973143711661,1,893
73,73,0,0,1
73,123,0.25,1.805,0.55401662049861,0.10526315789474,0.4,0.2,4
77,500003,1.6467177343059,0,167
64,500004,1.9973143711661,1,168
77,123,1,1,896
123,500003,1.6467177343059,1,897
73,123,0.25,1.805,0.55401662049861,0.10526315789474,0.4,0.2,4
77,500003,1.6467177343059,0,167
64,500004,1.9973143711661,1,168
77,123,1,1,896
123,500003,1.6467177343059,1,897
0,0,1,1,1
0,123,0.25,1.9,0.5,0.1,0.4,0.1805,4
77,500003,1.6467177343059,0,167
64,500004,1.9973143711661,0,168
64,123,1,1,902
123,500004,1.9973143711661,1,903
0,123,0.25,1.9,0.5,0.1,0.4,0.1805,4
77,500003,1.6467177343059,0,167
64,500004,1.9973143711661,0,168
64,123,1,1,902
123,500004,1.9973143711661,1,903
73,73,0,0,1
73,123,0.225625,1.805,0.55401662049861,0.11080332409973,0.4,0.1805,4
77,500003,1.6467177343059,1,167
64,500004,1.9973143711661,1,168
64,123,1,1,906
123,500004,1.9973143711661,1,907
73,123,0.225625,1.805,0.55401662049861,0.11080332409973,0.4,0.1805,4
77,500003,1.6467177343059,1,167
64,500004,1.9973143711661,1,168
64,123,1,1,906
123,500004,1.9973143711661,1,907
0,0,1,1,1
0,123,0.225625,2,0.5,0.11080332409973,0.38,0.1805,4
77,500003,1.6467177343059,0,167
64,500004,1.9973143711661,1,168
77,123,1,1,910
123,500003,1.6467177343059,0,911
0,123,0.225625,2,0.5,0.11080332409973,0.38,0.1805,4
77,500003,1.6467177343059,0,167
64,500004,1.9973143711661,1,168
77,123,1,1,910
123,500003,1.6467177343059,0,911
0,0,1,1,1
0,123,0.2375,1.9,0.52631578947368,0.11080332409973,0.361,0.2,4
77,500003,1.6467177343059,0,167
64,500004,1.9973143711661,0,168
64,123,1,1,916
123,500004,1.9973143711661,1,917
0,123,0.2375,1.9,0.52631578947368,0.11080332409973,0.361,0.2,4
77,500003,1.6467177343059,0,167
64,500004,1.9973143711661,0,168
64,123,1,1,916
123,500004,1.9973143711661,1,917
0,0,1,1,1
0,122,0.2375,1.9,0.5,0.10526315789474,0.361,0.19,0
0,122,0.2375,1.9,0.5,0.10526315789474,0.361,0.19,0
0,0,1,1,1
0,123,0.25,1.805,0.55401662049861,0.1,0.38,0.2,4
77,500003,1.6467177343059,0,167
64,500004,1.9973143711661,0,168
64,123,1,1,924
123,500004,1.9973143711661,1,925
0,123,0.25,1.805,0.55401662049861,0.1,0.38,0.2,4
77,500003,1.6467177343059,0,167
64,500004,1.9973143711661,0,168
64,123,1,1,924
123,500004,1.9973143711661,1,925
73,73,0,0,1
73,123,0.225625,2,0.5,0.11080332409973,0.38,0.19,4
77,500003,1.6467177343059,1,167
64,500004,1.9973143711661,1,168
77,123,1,1,928
123,500003,1.6467177343059,1,929
73,123,0.225625,2,0.5,0.11080332409973,0.38,0.19,4
77,500003,1.6467177343059,1,167
64,500004,1.9973143711661,1,168
77,123,1,1,928
123,500003,1.6467177343059,1,929
0,0,1,1,1
0,122,0.225625,1.9,0.55401662049861,0.10526315789474,0.361,0.19,0
0,122,0.225625,1.9,0.55401662049861,0.10526315789474,0.361,0.19,0
0,0,1,1,1
0,122,0.2375,1.9,0.5,0.10526315789474,0.38,0.19,0
0,122,0.2375,1.9,0.5,0.10526315789474,0.38,0.19,0
0,0,1,1,1
0,122,0.225625,1.805,0.52631578947368,0.10526315789474,0.38,0.19,0
0,122,0.225625,1.805,0.52631578947368,0.10526315789474,0.38,0.19,0
73,73,0,0,1
73,123,0.2375,2,0.55401662049861,0.11080332409973,0.361,0.1805,4
77,500003,1.6467177343059,0,167
64,500004,1.9973143711661,1,168
77,123,1,1,942
123,500003,1.6467177343059,1,943
73,123,0.2375,2,0.55401662049861,0.11080332409973,0.361,0.1805,4
77,500003,1.6467177343059,0,167
64,500004,1.9973143711661,1,168
77,123,1,1,942
123,500003,1.6467177343059,1,943
0,0,1,1,1
0,123,0.25,2,0.52631578947368,0.10526315789474,0.4,0.19,4
77,500003,1.6467177343059,0,167
64,500004,1.9973143711661,1,168
77,123,0.89509663926961,0,948
123,500003,1.6467177343059,1,949
0,123,0.25,2,0.52631578947368,0.10526315789474,0.4,0.19,4
77,500003,1.6467177343059,0,167
64,500004,1.9973143711661,1,168
77,123,0.89509663926961,0,948
123,500003,1.6467177343059,1,949
80,80,0,0,1
80,123,0.225625,2,0.52631578947368,0.11080332409973,0.4,0.1805,4
77,500003,1.6467177343059,0,167
64,500004,1.9973143711661,0,168
77,123,1,1,952
123,500003,1.6467177343059,1,953
80,123,0.225625,2,0.52631578947368,0.11080332409973,0.4,0.1805,4
77,500003,1.6467177343059,0,167
64,500004,1.9973143711661,0,168
77,123,1,1,952
123,500003,1.6467177343059,1,953
0,0,1,1,1
0,122,0.225625,2,0.52631578947368,0.10526315789474,0.38,0.19,0
0,122,0.225625,2,0.52631578947368,0.10526315789474,0.38,0.19,0
0,0,1,1,1
0,122,0.225625,1.805,0.55401662049861,0.1,0.38,0.1805,0
0,122,0.225625,1.805,0.55401662049861,0.1,0.38,0.1805,0
73,73,0,0,1
73,123,0.25,1.805,0.55401662049861,0.10526315789474,0.4,0.2,4
77,500003,1.6467177343059,1,167
64,500004,1.9973143711661,0,168
64,123,1,1,964
123,500004,1.9973143711661,1,965
73,123,0.25,1.805,0.55401662049861,0.10526315789474,0.4,0.2,4
77,500003,1.6467177343059,1,167
64,500004,1.9973143711661,0,168
64,123,1,1,964
123,500004,1.9973143711661,1,965
73,73,0,0,1
73,123,0.2375,1.9,0.55401662049861,0.10526315789474,0.4,0.19,4
77,500003,1.6467177343059,1,167
64,500004,1.9973143711661,0,168
64,123,1,1,970
123,500004,1.9973143711661,1,971
73,123,0.2375,1.9,0.55401662049861,0.10526315789474,0.4,0.19,4
77,500003,1.6467177343059,1,167
64,500004,1.9973143711661,0,168
64,123,1,1,970
123,500004,1.9973143711661,1,971
0,0,1,1,1
0,122,0.25,2,0.5,0.10526315789474,0.4,0.1805,0
0,122,0.25,2,0.5,0.10526315789474,0.4,0.1805,0
80,80,0,0,1
80,123,0.2375,1.805,0.52631578947368,0.11080332409973,0.4,0.2,4
77,500003,1.6467177343059,1,167
64,500004,1.9973143711661,0,168
64,123,1,0,982
123,500004,1.9973143711661,1,983
80,123,0.2375,1.805,0.52631578947368,0.11080332409973,0.4,0.2,4
77,500003,1.6467177343059,1,167
64,500004,1.9973143711661,0,168
64,123,1,0,982
123,500004,1.9973143711661,1,983
0,0,1,1,1
0,122,0.2375,2,0.52631578947368,0.10526315789474,0.38,0.2,0
0,122,0.2375,2,0.52631578947368,0.10526315789474,0.38,0.2,0
73,73,0,0,1
73,123,0.2375,1.9,0.52631578947368,0.10526315789474,0.38,0.1805,4
77,500003,1.6467177343059,0,167
64,500004,1.9973143711661,1,168
77,123,1,1,987
123,500003,1.6467177343059,1,988
73,123,0.2375,1.9,0.52631578947368,0.10526315789474,0.38,0.1805,4
77,500003,1.6467177343059,0,167
64,500004,1.9973143711661,1,168
77,123,1,1,987
123,500003,1.6467177343059,1,988
73,73,0,0,1
73,123,0.25,2,0.5,0.11080332409973,0.4,0.2,4
77,500003,1.6467177343059,1,167
64,500004,1.9973143711661,1,168
64,123,1,1,991
123,500004,1.9973143711661,1,992
73,123,0.25,2,0.5,0.11080332409973,0.4,0.2,4
77,500003,1.6467177343059,1,167
64,500004,1.9973143711661,1,168
64,123,1,1,991
123,500004,1.9973143711661,1,992
73,73,0,0,1
73,123,0.225625,1.9,0.55401662049861,0.11080332409973,0.361,0.2,4
77,500003,1.6467177343059,1,167
64,500004,1.9973143711661,0,168
64,123,1,1,994
123,500004,1.9973143711661,1,995
73,123,0.225625,1.9,0.55401662049861,0.11080332409973,0.361,0.2,4
77,500003,1.6467177343059,1,167
64,500004,1.9973143711661,0,168
64,123,1,1,994
123,500004,1.9973143711661,1,995
73,73,0,0,1
73,123,0.25,2,0.55401662049861,0.11080332409973,0.38,0.1805,4
77,500003,1.5603562702053,1,167
64,500004,1.9973143711661,0,168
64,123,1,1,998
123,500004,1.9973143711661,1,999
73,123,0.25,2,0.55401662049861,0.11080332409973,0.38,0.1805,4
77,500003,1.5603562702053,1,167
64,500004,1.9973143711661,0,168
64,123,1,1,998
123,500004,1.9973143711661,1,999
0,0,1,1,1
0,122,0.225625,1.805,0.55401662049861,0.10526315789474,0.361,0.1805,0
0,122,0.225625,1.805,0.55401662049861,0.10526315789474,0.361,0.1805,0
0,0,1,1,1
0,122,0.225625,2,0.5,0.10526315789474,0.4,0.2,0
0,122,0.225625,2,0.5,0.10526315789474,0.4,0.2,0
0,0,1,1,1
0,123,0.2375,1.9,0.5,0.10526315789474,0.4,0.1805,4
77,500003,1.6467177343059,0,167
64,500004,1.9973143711661,1,168
77,123,1,1,1014
123,500003,1.6467177343059,0,1015
0,123,0.2375,1.9,0.5,0.10526315789474,0.4,0.1805,4
77,500003,1.6467177343059,0,167
64,500004,1.9973143711661,1,168
77,123,1,1,1014
123,500003,1.6467177343059,0,1015
73,73,0,0,1
73,123,0.225625,1.9,0.52631578947368,0.1,0.38,0.19,4
77,500003,1.6467177343059,0,167
64,500004,1.9973143711661,1,168
77,123,1,1,1018
123,500003,1.6467177343059,1,1019
73,123,0.225625,1.9,0.52631578947368,0.1,0.38,0.19,4
77,500003,1.6467177343059,0,167
64,500004,1.9973143711661,1,168
77,123,1,1,1018
123,500003,1.6467177343059,1,1019
80,80,0,0,1
80,123,0.25,1.9,0.52631578947368,0.11080332409973,0.4,0.2,4
77,500003,1.6467177343059,1,167
64,500004,1.9973143711661,0,168
64,123,1,1,1022
123,500004,1.9973143711661,0,1023
80,123,0.25,1.9,0.52631578947368,0.11080332409973,0.4,0.2,4
77,500003,1.6467177343059,1,167
64,500004,1.9973143711661,0,168
64,123,1,1,1022
123,500004,1.9973143711661,0,1023
73,73,0,0,1
73,123,0.25,1.9,0.52631578947368,0.1,0.4,0.19,4
77,500003,1.6467177343059,1,167
64,500004,1.9973143711661,1,168
77,123,1,1,1026
123,500003,1.6467177343059,1,1027
73,123,0.25,1.9,0.52631578947368,0.1,0.4,0.19,4
77,500003,1.6467177343059,1,167
64,500004,1.9973143711661,1,168
77,123,1,1,1026
123,500003,1.6467177343059,1,1027
0,0,1,1,1
0,122,0.2375,2,0.5,0.10526315789474,0.4,0.2,0
0,122,0.2375,2,0.5,0.10526315789474,0.4,0.2,0
0,0,1,1,1
0,122,0.25,2,0.55401662049861,0.10526315789474,0.38,0.19,0
0,122,0.25,2,0.55401662049861,0.10526315789474,0.38,0.19,0
0,0,1,1,1
0,122,0.25,1.9,0.5,0.10526315789474,0.4,0.1805,0
0,122,0.25,1.9,0.5,0.10526315789474,0.4,0.1805,0
0,0,1,1,1
0,122,0.225625,2,0.55401662049861,0.1,0.361,0.2,0
0,122,0.225625,2,0.55401662049861,0.1,0.361,0.2,0
0,0,1,1,1
0,122,0.25,2,0.55401662049861,0.1,0.4,0.2,0
0,122,0.25,2,0.55401662049861,0.1,0.4,0.2,0
73,73,0,0,1
73,123,0.225625,1.9,0.55401662049861,0.11080332409973,0.38,0.1805,4
77,500003,1.6467177343059,1,167
64,500004,1.9973143711661,0,168
64,123,1,1,1044
123,500004,1.9973143711661,1,1045
73,123,0.225625,1.9,0.55401662049861,0.11080332409973,0.38,0.1805,4
77,500003,1.6467177343059,1,167
64,500004,1.9973143711661,0,168
64,123,1,1,1044
123,500004,1.9973143711661,1,1045
0,0,1,1,1
0,123,0.225625,2,0.5,0.11080332409973,0.361,0.19,4
77,500003,1.6467177343059,0,167
64,500004,1.9973143711661,1,168
64,123,1,1,1053
123,500004,1.9973143711661,1,1054
0,123,0.225625,2,0.5,0.11080332409973,0.361,0.19,4
77,500003,1.6467177343059,0,167
64,500004,1.9973143711661,1,168
64,123,1,1,1053
123,500004,1.9973143711661,1,1054
0,0,1,1,1
0,122,0.2375,1.9,0.5,0.10526315789474,0.38,0.2,0
0,122,0.2375,1.9,0.5,0.10526315789474,0.38,0.2,0
80,80,0,0,1
80,123,0.225625,2,0.5,0.10526315789474,0.4,0.19,4
77,500003,0.78939176610614,0,491
70,500002,1.5310975580374,0,492
77,123,1,1,1060
123,500003,0.78939176610614,1,1061
80,123,0.225625,2,0.5,0.10526315789474,0.4,0.19,4
77,500003,0.78939176610614,0,491
70,500002,1.5310975580374,0,492
77,123,1,1,1060
123,500003,0.78939176610614,1,1061
0,0,1,1,1
0,123,0.25,2,0.475,0.11080332409973,0.361,0.2,4
77,500003,0.78939176610614,0,491
70,500002,1.5310975580374,1,492
77,123,1,0,1064
123,500003,0.78939176610614,1,1065
0,123,0.25,2,0.475,0.11080332409973,0.361,0.2,4
77,500003,0.78939176610614,0,491
70,500002,1.5310975580374,1,492
77,123,1,0,1064
123,500003,0.78939176610614,1,1065
80,80,0,0,1
80,123,0.225625,2,0.475,0.1,0.38,0.2,4
77,500003,0.78939176610614,1,491
70,500002,1.5310975580374,0,492
70,123,1,1,1068
123,500002,1.5310975580374,0,1069
80,123,0.225625,2,0.475,0.1,0.38,0.2,4
77,500003,0.78939176610614,1,491
70,500002,1.5310975580374,0,492
70,123,1,1,1068
123,500002,1.5310975580374,0,1069
67,67,0,0,1
67,123,0.2375,1.805,0.5,0.11080332409973,0.38,0.21052631578947,4
77,500003,0.78939176610614,1,491
70,500002,1.5310975580374,1,492
70,123,0.95002403860989,0,1072
123,500002,1.5310975580374,0,1073
67,123,0.2375,1.805,0.5,0.11080332409973,0.38,0.21052631578947,4
77,500003,0.78939176610614,1,491
70,500002,1.5310975580374,1,492
70,123,0.95002403860989,0,1072
123,500002,1.5310975580374,0,1073
80,80,0,0,1
80,123,0.25,2,0.52631578947368,0.10526315789474,0.38,0.21052631578947,4
77,500003,0.78939176610614,0,491
70,500002,1.5310975580374,0,492
77,123,1,1,1076
123,500003,0.78939176610614,1,1077
80,123,0.25,2,0.52631578947368,0.10526315789474,0.38,0.21052631578947,4
77,500003,0.78939176610614,0,491
70,500002,1.5310975580374,0,492
77,123,1,1,1076
123,500003,0.78939176610614,1,1077
0,0,1,1,1
0,123,0.2375,2,0.5,0.11080332409973,0.38,0.2,4
77,500003,0.71156534000197,0,491
70,500002,1.5310975580374,1,492
77,123,1,1,1080
123,500003,0.78939176610614,0,1081
0,123,0.2375,2,0.5,0.11080332409973,0.38,0.2,4
77,500003,0.71156534000197,0,491
70,500002,1.5310975580374,1,492
77,123,1,1,1080
123,500003,0.78939176610614,0,1081
0,0,1,1,1
0,123,0.2375,1.805,0.475,0.1,0.4,0.19,4
77,500003,0.78939176610614,0,491
70,500002,1.5310975580374,0,492
70,123,1,1,1084
123,500002,1.5310975580374,0,1085
0,123,0.2375,1.805,0.475,0.1,0.4,0.19,4
77,500003,0.78939176610614,0,491
70,500002,1.5310975580374,0,492
70,123,1,1,1084
123,500002,1.5310975580374,0,1085
0,0,1,1,1
0,122,0.225625,2,0.5,0.10526315789474,0.361,0.19,0
0,122,0.225625,2,0.5,0.10526315789474,0.361,0.19,0
0,0,1,1,1
0,122,0.2375,2,0.5,0.10526315789474,0.4,0.2,0
0,122,0.2375,2,0.5,0.10526315789474,0.4,0.2,0
0,0,1,1,1
0,122,0.225625,1.9,0.52631578947368,0.1,0.4,0.19,0
0,122,0.225625,1.9,0.52631578947368,0.1,0.4,0.19,0
80,80,0,0,1
80,123,0.2375,1.9,0.52631578947368,0.11080332409973,0.361,0.19,4
77,500003,0.78939176610614,1,491
70,500002,1.5310975580374,0,492
70,123,1,1,1098
123,500002,1.5310975580374,0,1099
80,123,0.2375,1.9,0.52631578947368,0.11080332409973,0.361,0.19,4
77,500003,0.78939176610614,1,491
70,500002,1.5310975580374,0,492
70,123,1,1,1098
123,500002,1.5310975580374,0,1099
0,0,1,1,1
0,122,0.2375,1.9,0.5,0.1,0.361,0.2,0
0,122,0.2375,1.9,0.5,0.1,0.361,0.2,0
0,0,1,1,1
0,122,0.2375,2,0.52631578947368,0.11080332409973,0.361,0.21052631578947,0
0,122,0.2375,2,0.52631578947368,0.11080332409973,0.361,0.21052631578947,0
0,0,1,1,1
0,123,0.2375,1.805,0.5,0.10526315789474,0.38,0.19,4
77,500003,0.78939176610614,0,491
70,500002,1.589413610934,0,492
77,123,1,0,1108
123,500003,0.78939176610614,1,1109
0,123,0.2375,1.805,0.5,0.10526315789474,0.38,0.19,4
77,500003,0.78939176610614,0,491
70,500002,1.589413610934,0,492
77,123,1,0,1108
123,500003,0.78939176610614,1,1109
0,0,1,1,1
0,122,0.225625,2,0.5,0.10526315789474,0.361,0.21052631578947,0
0,122,0.225625,2,0.5,0.10526315789474,0.361,0.21052631578947,0
67,67,0,0,1
67,123,0.25,2,0.5,0.10526315789474,0.38,0.21052631578947,4
77,500003,0.78939176610614,1,491
70,500002,1.5310975580374,0,492
70,123,1,1,1123
123,500002,1.5104574082076,1,1124
67,123,0.25,2,0.5,0.10526315789474,0.38,0.21052631578947,4
77,500003,0.78939176610614,1,491
70,500002,1.5310975580374,0,492
70,123,1,1,1123
123,500002,1.5104574082076,1,1124
67,67,0,0,1
67,123,0.2375,2,0.475,0.10526315789474,0.361,0.21052631578947,4
77,500003,0.78939176610614,1,491
70,500002,1.5310975580374,0,492
70,123,1.0013460268916,1,1127
123,500002,1.5310975580374,1,1128
67,123,0.2375,2,0.475,0.10526315789474,0.361,0.21052631578947,4
77,500003,0.78939176610614,1,491
70,500002,1.5310975580374,0,492
70,123,1.0013460268916,1,1127
123,500002,1.5310975580374,1,1128
0,0,1,1,1
0,122,0.2375,1.9,0.5,0.10526315789474,0.361,0.21052631578947,0
0,122,0.2375,1.9,0.5,0.10526315789474,0.361,0.21052631578947,0
80,80,0,0,1
80,123,0.225625,1.805,0.475,0.1,0.4,0.2,4
77,500003,0.78939176610614,1,491
70,500002,1.5310975580374,0,492
77,123,1,1,1133
123,500003,0.78939176610614,1,1134
80,123,0.225625,1.805,0.475,0.1,0.4,0.2,4
77,500003,0.78939176610614,1,491
70,500002,1.5310975580374,0,492
77,123,1,1,1133
123,500003,0.78939176610614,1,1134
67,67,0,0,1
67,123,0.2375,1.805,0.52631578947368,0.1,0.38,0.2,4
77,500003,0.78939176610614,1,491
70,500002,1.5310975580374,0,492
70,123,1,1,1139
123,500002,1.5202116057073,1,1140
67,123,0.2375,1.805,0.52631578947368,0.1,0.38,0.2,4
77,500003,0.78939176610614,1,491
70,500002,1.5310975580374,0,492
70,123,1,1,1139
123,500002,1.5202116057073,1,1140
0,0,1,1,1
0,122,0.25,2,0.52631578947368,0.1,0.38,0.21052631578947,0
0,122,0.25,2,0.52631578947368,0.1,0.38,0.21052631578947,0
80,80,0,0,1
80,123,0.225625,1.805,0.475,0.11080332409973,0.38,0.19,4
77,500003,0.78939176610614,1,491
70,500002,1.5310975580374,0,492
70,123,1,1,1153
123,500002,1.5310975580374,0,1154
80,123,0.225625,1.805,0.475,0.11080332409973,0.38,0.19,4
77,500003,0.78939176610614,1,491
70,500002,1.5310975580374,0,492
70,123,1,1,1153
123,500002,1.5310975580374,0,1154
0,0,1,1,1
0,123,0.2375,1.805,0.475,0.10526315789474,0.4,0.21052631578947,4
77,500003,0.78939176610614,0,491
70,500002,1.5310975580374,0,492
77,123,1,1,1156
123,500003,0.78939176610614,0,1157
0,123,0.2375,1.805,0.475,0.10526315789474,0.4,0.21052631578947,4
77,500003,0.78939176610614,0,491
70,500002,1.5310975580374,0,492
77,123,1,1,1156
123,500003,0.78939176610614,0,1157
0,0,1,1,1
0,122,0.25,1.9,0.475,0.10526315789474,0.361,0.2,0
0,122,0.25,1.9,0.475,0.10526315789474,0.361,0.2,0
80,80,0,0,1
80,123,0.2375,1.9,0.475,0.1,0.38,0.21052631578947,4
77,500003,0.78939176610614,1,491
70,500002,1.5310975580374,0,492
70,123,1,1,1163
123,500002,1.5310975580374,0,1164
80,123,0.2375,1.9,0.475,0.1,0.38,0.21052631578947,4
77,500003,0.78939176610614,1,491
70,500002,1.5310975580374,0,492
70,123,1,1,1163
123,500002,1.5310975580374,0,1164
80,80,0,0,1
80,123,0.2375,2,0.475,0.10526315789474,0.4,0.21052631578947,4
77,500003,0.78939176610614,0,491
70,500002,1.8345896786401,0,492
77,123,1,1,1169
123,500003,0.78939176610614,1,1170
80,123,0.2375,2,0.475,0.10526315789474,0.4,0.21052631578947,4
77,500003,0.78939176610614,0,491
70,500002,1.8345896786401,0,492
77,123,1,1,1169
123,500003,0.78939176610614,1,1170
80,80,0,0,1
80,123,0.25,2,0.52631578947368,0.11080332409973,0.4,0.2,4
77,500003,0.78939176610614,1,491
70,500002,1.5310975580374,0,492
70,123,1,0,1173
123,500002,1.5310975580374,0,1174
80,123,0.25,2,0.52631578947368,0.11080332409973,0.4,0.2,4
77,500003,0.78939176610614,1,491
70,500002,1.5310975580374,0,492
70,123,1,0,1173
123,500002,1.5310975580374,0,1174
80,80,0,0,1
80,123,0.25,1.805,0.475,0.11080332409973,0.38,0.2,4
77,500003,0.89370927290116,1,491
70,500002,1.5310975580374,0,492
77,123,1,1,1177
123,500003,0.78939176610614,1,1178
80,123,0.25,1.805,0.475,0.11080332409973,0.38,0.2,4
77,500003,0.89370927290116,1,491
70,500002,1.5310975580374,0,492
77,123,1,1,1177
123,500003,0.78939176610614,1,1178
67,67,0,0,1
67,123,0.2375,1.9,0.475,0.11080332409973,0.4,0.19,4
77,500003,0.78939176610614,1,491
70,500002,1.5310975580374,0,492
70,123,1,1,1181
123,500002,1.5310975580374,1,1182
67,123,0.2375,1.9,0.475,0.11080332409973,0.4,0.19,4
77,500003,0.78939176610614,1,491
70,500002,1.5310975580374,0,492
70,123,1,1,1181
123,500002,1.5310975580374,1,1182
0,0,1,1,1
0,122,0.2375,2,0.475,0.10526315789474,0.361,0.21052631578947,0
0,122,0.2375,2,0.475,0.10526315789474,0.361,0.21052631578947,0
80,80,0,0,1
80,123,0.25,1.805,0.52631578947368,0.1,0.361,0.19,4
77,500003,0.78939176610614,0,491
70,500002,1.5310975580374,0,492
77,123,0.99132358775597,1,1195
123,500003,0.78939176610614,1,1196
80,123,0.25,1.805,0.52631578947368,0.1,0.361,0.19,4
77,500003,0.78939176610614,0,491
70,500002,1.5310975580374,0,492
77,123,0.99132358775597,1,1195
123,500003,0.78939176610614,1,1196
67,67,0,0,1
67,123,0.25,1.805,0.475,0.1,0.361,0.19,4
77,500003,0.78939176610614,1,491
70,500002,1.5310975580374,0,492
70,123,1,1,1199
123,500002,1.5310975580374,1,1200
67,123,0.25,1.805,0.475,0.1,0.361,0.19,4
77,500003,0.78939176610614,1,491
70,500002,1.5310975580374,0,492
70,123,1,1,1199
123,500002,1.5310975580374,1,1200
0,0,1,1,1
0,122,0.2375,2,0.5,0.1,0.361,0.19,0
0,122,0.2375,2,0.5,0.1,0.361,0.19,0
0,0,1,1,1
0,123,0.225625,2,0.5,0.10526315789474,0.361,0.21052631578947,4
77,500003,0.78939176610614,0,491
70,500002,1.5310975580374,0,492
70,123,1,1,1210
123,500002,1.5310975580374,0,1211
0,123,0.225625,2,0.5,0.10526315789474,0.361,0.21052631578947,4
77,500003,0.78939176610614,0,491
70,500002,1.5310975580374,0,492
70,123,1,1,1210
123,500002,1.5310975580374,0,1211
0,0,1,1,1
0,123,0.225625,2,0.5,0.1,0.361,0.19,4
77,500003,0.78939176610614,0,491
70,500002,1.5310975580374,0,492
77,123,1,1,1216
123,500003,0.78939176610614,0,1217
0,123,0.225625,2,0.5,0.1,0.361,0.19,4
77,500003,0.78939176610614,0,491
70,500002,1.5310975580374,0,492
77,123,1,1,1216
123,500003,0.78939176610614,0,1217
80,80,0,0,1
80,123,0.225625,2,0.52631578947368,0.1,0.4,0.2,4
77,500003,0.78939176610614,1,491
70,500002,1.5310975580374,0,492
70,123,1,1,1220
123,500002,1.5310975580374,0,1221
80,123,0.225625,2,0.52631578947368,0.1,0.4,0.2,4
77,500003,0.78939176610614,1,491
70,500002,1.5310975580374,0,492
70,123,1,1,1220
123,500002,1.5310975580374,0,1221
0,0,1,1,1
0,122,0.25,2,0.52631578947368,0.11080332409973,0.361,0.19,0
0,122,0.25,2,0.52631578947368,0.11080332409973,0.361,0.19,0
0,0,1,1,1
0,122,0.2375,2,0.5,0.095,0.42105263157895,0.19,0
0,122,0.2375,2,0.5,0.095,0.42105263157895,0.19,0
64,64,0,0,1
64,123,0.2375,2,0.475,0.1,0.44321329639889,0.1805,4
88,500003,0.1242602313303,1,345
45,500001,-1.6306253242592,0,346
45,123,1,1,1230
123,500001,-1.7244788964507,1,1231
64,123,0.2375,2,0.475,0.1,0.44321329639889,0.1805,4
88,500003,0.1242602313303,1,345
45,500001,-1.6306253242592,0,346
45,123,1,1,1230
123,500001,-1.7244788964507,1,1231
0,0,1,1,1
0,122,0.225625,2,0.475,0.09025,0.42105263157895,0.1805,0
0,122,0.225625,2,0.475,0.09025,0.42105263157895,0.1805,0
0,0,1,1,1
0,123,0.25,1.9,0.5,0.09025,0.44321329639889,0.2,4
88,500003,0.1242602313303,0,345
45,500001,-1.7244788964507,0,346
45,123,1,1,1242
123,500001,-1.7244788964507,1,1243
0,123,0.25,1.9,0.5,0.09025,0.44321329639889,0.2,4
88,500003,0.1242602313303,0,345
45,500001,-1.7244788964507,0,346
45,123,1,1,1242
123,500001,-1.7244788964507,1,1243
64,64,0,0,1
64,123,0.2375,1.9,0.475,0.1,0.42105263157895,0.1805,4
88,500003,0.1242602313303,1,345
45,500001,-1.7244788964507,0,346
45,123,1,1,1246
123,500001,-1.7244788964507,1,1247
64,123,0.2375,1.9,0.475,0.1,0.42105263157895,0.1805,4
88,500003,0.1242602313303,1,345
45,500001,-1.7244788964507,0,346
45,123,1,1,1246
123,500001,-1.7244788964507,1,1247
0,0,1,1,1
0,122,0.225625,2.1052631578947,0.52631578947368,0.1,0.42105263157895,0.19,0
0,122,0.225625,2.1052631578947,0.52631578947368,0.1,0.42105263157895,0.19,0
0,0,1,1,1
0,122,0.225625,2,0.52631578947368,0.1,0.44321329639889,0.1805,0
0,122,0.225625,2,0.52631578947368,0.1,0.44321329639889,0.1805,0
64,64,0,0,1
64,123,0.2375,2,0.5,0.095,0.4,0.19,4
88,500003,0.16616901150548,0,345
45,500001,-1.7244788964507,1,346
88,123,1,1,1265
123,500003,0.1242602313303,1,1266
64,123,0.2375,2,0.5,0.095,0.4,0.19,4
88,500003,0.16616901150548,0,345
45,500001,-1.7244788964507,1,346
88,123,1,1,1265
123,500003,0.1242602313303,1,1266
0,0,1,1,1
0,122,0.225625,2.1052631578947,0.52631578947368,0.095,0.42105263157895,0.2,0
0,122,0.225625,2.1052631578947,0.52631578947368,0.095,0.42105263157895,0.2,0
64,64,0,0,1
64,123,0.2375,2.1052631578947,0.52631578947368,0.09025,0.4,0.1805,4
88,500003,0.1242602313303,1,345
45,500001,-1.7244788964507,0,346
45,123,1,1,1271
123,500001,-1.7244788964507,1,1272
64,123,0.2375,2.1052631578947,0.52631578947368,0.09025,0.4,0.1805,4
88,500003,0.1242602313303,1,345
45,500001,-1.7244788964507,0,346
45,123,1,1,1271
123,500001,-1.7244788964507,1,1272
64,64,0,0,1
64,123,0.2375,2.1052631578947,0.52631578947368,0.1,0.44321329639889,0.2,4
88,500003,0.1242602313303,1,345
45,500001,-1.7244788964507,0,346
45,123,1,1,1275
123,500001,-1.7244788964507,0,1276
64,123,0.2375,2.1052631578947,0.52631578947368,0.1,0.44321329639889,0.2,4
88,500003,0.1242602313303,1,345
45,500001,-1.7244788964507,0,346
45,123,1,1,1275
123,500001,-1.7244788964507,0,1276
64,64,0,0,1
64,123,0.25,2,0.475,0.1,0.42105263157895,0.1805,4
88,500003,0.1242602313303,0,345
45,500001,-1.7244788964507,0,346
88,123,1,1,1279
123,500003,0.1242602313303,1,1280
64,123,0.25,2,0.475,0.1,0.42105263157895,0.1805,4
88,500003,0.1242602313303,0,345
45,500001,-1.7244788964507,0,346
88,123,1,1,1279
123,500003,0.1242602313303,1,1280
64,64,0,0,1
64,123,0.225625,2,0.52631578947368,0.1,0.4,0.19,4
88,500003,0.1242602313303,0,345
45,500001,-1.7244788964507,1,346
88,123,1,1,1283
123,500003,0.1242602313303,1,1284
64,123,0.225625,2,0.52631578947368,0.1,0.4,0.19,4
88,500003,0.1242602313303,0,345
45,500001,-1.7244788964507,1,346
88,123,1,1,1283
123,500003,0.1242602313303,1,1284
64,64,0,0,1
64,123,0.25,2.1052631578947,0.52631578947368,0.1,0.42105263157895,0.2,4
88,500003,0.1242602313303,0,345
45,500001,-1.7244788964507,1,346
88,123,1,1,1287
123,500003,0.1242602313303,1,1288
64,123,0.25,2.1052631578947,0.52631578947368,0.1,0.42105263157895,0.2,4
88,500003,0.1242602313303,0,345
45,500001,-1.7244788964507,1,346
88,123,1,1,1287
123,500003,0.1242602313303,1,1288
64,64,0,0,1
64,123,0.2375,1.9,0.5,0.1,0.44321329639889,0.1805,4
88,500003,0.16299127170629,0,345
45,500001,-1.7244788964507,1,346
88,123,1,1,1290
123,500003,0.1242602313303,1,1291
64,123,0.2375,1.9,0.5,0.1,0.44321329639889,0.1805,4
88,500003,0.16299127170629,0,345
45,500001,-1.7244788964507,1,346
88,123,1,1,1290
123,500003,0.1242602313303,1,1291
0,0,1,1,1
0,122,0.25,2.1052631578947,0.5,0.09025,0.4,0.2,0
0,122,0.25,2.1052631578947,0.5,0.09025,0.4,0.2,0
64,64,0,0,1
64,123,0.2375,1.9,0.52631578947368,0.09025,0.4,0.1805,4
88,500003,0.1242602313303,1,345
45,500001,-1.7244788964507,0,346
45,123,1,0,1296
123,500001,-1.7244788964507,1,1297
64,123,0.2375,1.9,0.52631578947368,0.09025,0.4,0.1805,4
88,500003,0.1242602313303,1,345
45,500001,-1.7244788964507,0,346
45,123,1,0,1296
123,500001,-1.7244788964507,1,1297
64,64,0,0,1
64,123,0.2375,2.1052631578947,0.475,0.095,0.4,0.19,4
88,500003,0.1242602313303,0,345
45,500001,-1.7244788964507,1,346
88,123,1,1,1302
123,500003,0.1242602313303,1,1303
64,123,0.2375,2.1052631578947,0.475,0.095,0.4,0.19,4
88,500003,0.1242602313303,0,345
45,500001,-1.7244788964507,1,346
88,123,1,1,1302
123,500003,0.1242602313303,1,1303
0,0,1,1,1
0,122,0.2375,2,0.52631578947368,0.1,0.4,0.1805,0
0,122,0.2375,2,0.52631578947368,0.1,0.4,0.1805,0
0,0,1,1,1
0,122,0.25,1.9,0.475,0.1,0.42105263157895,0.1805,0
0,122,0.25,1.9,0.475,0.1,0.42105263157895,0.1805,0
64,64,0,0,1
64,123,0.25,2,0.475,0.095,0.4,0.2,4
88,500003,0.1242602313303,1,345
45,500001,-1.7244788964507,0,346
88,123,1,1,1316
123,500003,0.1242602313303,1,1317
64,123,0.25,2,0.475,0.095,0.4,0.2,4
88,500003,0.1242602313303,1,345
45,500001,-1.7244788964507,0,346
88,123,1,1,1316
123,500003,0.1242602313303,1,1317
64,64,0,0,1
64,123,0.2375,2,0.475,0.1,0.42105263157895,0.1805,4
88,500003,0.090589159825432,1,345
45,500001,-1.7244788964507,1,346
88,123,1,1,1322
123,500003,0.1242602313303,1,1323
64,123,0.2375,2,0.475,0.1,0.42105263157895,0.1805,4
88,500003,0.090589159825432,1,345
45,500001,-1.7244788964507,1,346
88,123,1,1,1322
123,500003,0.1242602313303,1,1323
64,64,0,0,1
64,123,0.2375,1.9,0.52631578947368,0.09025,0.4,0.19,4
88,500003,0.1242602313303,1,345
45,500001,-1.7244788964507,1,346
45,123,1,1,1326
123,500001,-1.7244788964507,1,1327
64,123,0.2375,1.9,0.52631578947368,0.09025,0.4,0.19,4
88,500003,0.1242602313303,1,345
45,500001,-1.7244788964507,1,346
45,123,1,1,1326
123,500001,-1.7244788964507,1,1327
0,0,1,1,1
0,122,0.2375,2,0.52631578947368,0.09025,0.44321329639889,0.2,0
0,122,0.2375,2,0.52631578947368,0.09025,0.44321329639889,0.2,0
0,0,1,1,1
0,122,0.2375,1.9,0.52631578947368,0.095,0.42105263157895,0.2,0
0,122,0.2375,1.9,0.52631578947368,0.095,0.42105263157895,0.2,0
64,64,0,0,1
64,123,0.225625,1.9,0.5,0.09025,0.4,0.19,4
88,500003,0.1242602313303,0,345
45,500001,-1.7244788964507,1,346
88,123,1,1,1335
123,500003,0.04258710745567,1,1336
64,123,0.225625,1.9,0.5,0.09025,0.4,0.19,4
88,500003,0.1242602313303,0,345
45,500001,-1.7244788964507,1,346
88,123,1,1,1335
123,500003,0.04258710745567,1,1336
0,0,1,1,1
0,122,0.25,2.1052631578947,0.52631578947368,0.09025,0.42105263157895,0.2,0
0,122,0.25,2.1052631578947,0.52631578947368,0.09025,0.42105263157895,0.2,0
64,64,0,0,1
64,123,0.2375,2.1052631578947,0.5,0.1,0.42105263157895,0.19,4
88,500003,0.1242602313303,1,345
45,500001,-1.7244788964507,0,346
45,123,1,1,1342
123,500001,-1.7244788964507,1,1343
64,123,0.2375,2.1052631578947,0.5,0.1,0.42105263157895,0.19,4
88,500003,0.1242602313303,1,345
45,500001,-1.7244788964507,0,346
45,123,1,1,1342
123,500001,-1.7244788964507,1,1343
64,64,0,0,1
64,123,0.225625,1.9,0.475,0.09025,0.44321329639889,0.19,4
88,500003,0.1242602313303,1,345
45,500001,-1.7244788964507,0,346
45,123,1,1,1346
123,500001,-1.7244788964507,1,1347
64,123,0.225625,1.9,0.475,0.09025,0.44321329639889,0.19,4
88,500003,0.1242602313303,1,345
45,500001,-1.7244788964507,0,346
45,123,1,1,1346
123,500001,-1.7244788964507,1,1347
0,0,1,1,1
0,122,0.25,1.9,0.475,0.09025,0.4,0.2,0
0,122,0.25,1.9,0.475,0.09025,0.4,0.2,0
64,64,0,0,1
64,123,0.225625,1.9,0.52631578947368,0.095,0.42105263157895,0.2,4
88,500003,0.1242602313303,1,345
45,500001,-1.7244788964507,0,346
45,123,1,1,1352
123,500001,-1.7244788964507,0,1353
64,123,0.225625,1.9,0.52631578947368,0.095,0.42105263157895,0.2,4
88,500003,0.1242602313303,1,345
45,500001,-1.7244788964507,0,346
45,123,1,1,1352
123,500001,-1.7244788964507,0,1353
64,64,0,0,1
64,123,0.2375,2,0.475,0.09025,0.44321329639889,0.2,4
88,500003,0.1242602313303,0,345
45,500001,-1.7244788964507,1,346
88,123,1,1,1356
123,500003,0.1242602313303,1,1357
64,123,0.2375,2,0.475,0.09025,0.44321329639889,0.2,4
88,500003,0.1242602313303,0,345
45,500001,-1.7244788964507,1,346
88,123,1,1,1356
123,500003,0.1242602313303,1,1357
64,64,0,0,1
64,123,0.225625,2,0.52631578947368,0.1,0.42105263157895,0.19,4
88,500003,0.1242602313303,0,345
45,500001,-1.7244788964507,1,346
88,123,1,1,1360
123,500003,0.1242602313303,1,1361
64,123,0.225625,2,0.52631578947368,0.1,0.42105263157895,0.19,4
88,500003,0.1242602313303,0,345
45,500001,-1.7244788964507,1,346
88,123,1,1,1360
123,500003,0.1242602313303,1,1361
64,64,0,0,1
64,123,0.2375,1.9,0.5,0.095,0.4,0.2,4
88,500003,0.1242602313303,1,345
45,500001,-1.7244788964507,1,346
88,123,1.0183088167974,1,1364
123,500003,0.1242602313303,1,1365
64,123,0.2375,1.9,0.5,0.095,0.4,0.2,4
88,500003,0.1242602313303,1,345
45,500001,-1.7244788964507,1,346
88,123,1.0183088167974,1,1364
123,500003,0.1242602313303,1,1365
0,0,1,1,1
0,122,0.26315789473684,2,0.475,0.095,0.38,0.2,0
0,122,0.26315789473684,2,0.475,0.095,0.38,0.2,0
0,0,1,1,1
0,122,0.26315789473684,1.9,0.5,0.09025,0.38,0.2,0
0,122,0.26315789473684,1.9,0.5,0.09025,0.38,0.2,0
0,0,1,1,1
0,122,0.26315789473684,1.9,0.45125,0.09025,0.4,0.2,0
0,122,0.26315789473684,1.9,0.45125,0.09025,0.4,0.2,0
0,0,1,1,1
0,123,0.27700831024931,2,0.5,0.095,0.361,0.19,4
43,500003,1.6458632160405,0,378
116,500005,1.4452955717643,1,379
43,123,1,0,1380
123,500003,1.6458632160405,1,1381
0,123,0.27700831024931,2,0.5,0.095,0.361,0.19,4
43,500003,1.6458632160405,0,378
116,500005,1.4452955717643,1,379
43,123,1,0,1380
123,500003,1.6458632160405,1,1381
0,0,1,1,1
0,122,0.26315789473684,2,0.5,0.1,0.38,0.21052631578947,0
0,122,0.26315789473684,2,0.5,0.1,0.38,0.21052631578947,0
0,0,1,1,1
0,123,0.25,1.9,0.475,0.1,0.38,0.21052631578947,4
43,500003,1.6458632160405,0,378
116,500005,1.4452955717643,0,379
43,123,1,1,1391
123,500003,1.6458632160405,1,1392
0,123,0.25,1.9,0.475,0.1,0.38,0.21052631578947,4
43,500003,1.6458632160405,0,378
116,500005,1.4452955717643,0,379
43,123,1,1,1391
123,500003,1.6458632160405,1,1392
0,0,1,1,1
0,122,0.26315789473684,2,0.475,0.09025,0.38,0.19,0
0,122,0.26315789473684,2,0.475,0.09025,0.38,0.19,0
0,0,1,1,1
0,123,0.27700831024931,2,0.475,0.095,0.4,0.2,4
43,500003,1.6458632160405,0,378
116,500005,1.4452955717643,0,379
43,123,1,1,1397
123,500003,1.6458632160405,1,1398
0,123,0.27700831024931,2,0.475,0.095,0.4,0.2,4
43,500003,1.6458632160405,0,378
116,500005,1.4452955717643,0,379
43,123,1,1,1397
123,500003,1.6458632160405,1,1398
0,0,1,1,1
0,122,0.27700831024931,2,0.45125,0.09025,0.38,0.21052631578947,0
0,122,0.27700831024931,2,0.45125,0.09025,0.38,0.21052631578947,0
0,0,1,1,1
0,122,0.27700831024931,2,0.45125,0.09025,0.4,0.21052631578947,0
0,122,0.27700831024931,2,0.45125,0.09025,0.4,0.21052631578947,0
0,0,1,1,1
0,122,0.27700831024931,2.1052631578947,0.475,0.1,0.4,0.21052631578947,0
0,122,0.27700831024931,2.1052631578947,0.475,0.1,0.4,0.21052631578947,0
33,33,0,0,1
33,123,0.26315789473684,1.9,0.45125,0.095,0.38,0.2,4
43,500003,1.6458632160405,0,378
116,500005,1.4452955717643,1,379
43,123,1,1,1412
123,500003,1.6458632160405,1,1413
33,123,0.26315789473684,1.9,0.45125,0.095,0.38,0.2,4
43,500003,1.6458632160405,0,378
116,500005,1.4452955717643,1,379
43,123,1,1,1412
123,500003,1.6458632160405,1,1413
33,33,0,0,1
33,123,0.26315789473684,2,0.45125,0.1,0.38,0.19,4
43,500003,1.6458632160405,1,378
116,500005,1.4452955717643,0,379
116,123,1,1,1416
123,500005,1.4452955717643,1,1417
33,123,0.26315789473684,2,0.45125,0.1,0.38,0.19,4
43,500003,1.6458632160405,1,378
116,500005,1.4452955717643,0,379
116,123,1,1,1416
123,500005,1.4452955717643,1,1417
33,33,0,0,1
33,123,0.25,2,0.475,0.09025,0.38,0.19,4
43,500003,1.6458632160405,0,378
116,500005,1.4274780343028,1,379
43,123,1,1,1420
123,500003,1.6458632160405,1,1421
33,123,0.25,2,0.475,0.09025,0.38,0.19,4
43,500003,1.6458632160405,0,378
116,500005,1.4274780343028,1,379
43,123,1,1,1420
123,500003,1.6458632160405,1,1421
0,0,1,1,1
0,123,0.26315789473684,2,0.45125,0.095,0.361,0.19,4
43,500003,1.6458632160405,1,378
116,500005,1.4452955717643,0,379
116,123,1,1,1427
123,500005,1.4452955717643,0,1428
0,123,0.26315789473684,2,0.45125,0.095,0.361,0.19,4
43,500003,1.6458632160405,1,378
116,500005,1.4452955717643,0,379
116,123,1,1,1427
123,500005,1.4452955717643,0,1428
33,33,0,0,1
33,123,0.26315789473684,2.1052631578947,0.5,0.09025,0.361,0.19,4
43,500003,1.6458632160405,0,378
116,500005,1.4452955717643,1,379
43,123,1,1,1431
123,500003,1.6458632160405,1,1432
33,123,0.26315789473684,2.1052631578947,0.5,0.09025,0.361,0.19,4
43,500003,1.6458632160405,0,378
116,500005,1.4452955717643,1,379
43,123,1,1,1431
123,500003,1.6458632160405,1,1432
0,0,1,1,1
0,122,0.25,1.9,0.475,0.1,0.38,0.21052631578947,0
0,122,0.25,1.9,0.475,0.1,0.38,0.21052631578947,0
0,0,1,1,1
0,123,0.26315789473684,1.9,0.5,0.10526315789474,0.38,0.22160664819944,4
23,500001,-0.3074434644612,1,255
83,500003,1.296853541673,1,256
83,123,0.97252370404756,1,1440
123,500003,1.296853541673,0,1441
0,123,0.26315789473684,1.9,0.5,0.10526315789474,0.38,0.22160664819944,4
23,500001,-0.3074434644612,1,255
83,500003,1.296853541673,1,256
83,123,0.97252370404756,1,1440
123,500003,1.296853541673,0,1441
0,0,1,1,1
0,122,0.25,1.805,0.45125,0.10526315789474,0.4,0.21052631578947,0
0,122,0.25,1.805,0.45125,0.10526315789474,0.4,0.21052631578947,0
0,0,1,1,1
0,122,0.25,2,0.45125,0.1,0.4,0.21052631578947,0
0,122,0.25,2,0.45125,0.1,0.4,0.21052631578947,0
0,0,1,1,1
0,123,0.2375,1.805,0.5,0.1,0.38,0.2,4
23,500001,-0.3074434644612,1,255
83,500003,1.2862666707358,0,256
83,123,1,1,1453
123,500003,1.296853541673,1,1454
0,123,0.2375,1.805,0.5,0.1,0.38,0.2,4
23,500001,-0.3074434644612,1,255
83,500003,1.2862666707358,0,256
83,123,1,1,1453
123,500003,1.296853541673,1,1454
0,0,1,1,1
0,123,0.2375,1.9,0.5,0.10526315789474,0.38,0.2,4
23,500001,-0.3074434644612,1,255
83,500003,1.296853541673,1,256
83,123,0.93283036688067,1,1457
123,500003,1.296853541673,0,1458
0,123,0.2375,1.9,0.5,0.10526315789474,0.38,0.2,4
23,500001,-0.3074434644612,1,255
83,500003,1.296853541673,1,256
83,123,0.93283036688067,1,1457
123,500003,1.296853541673,0,1458
0,0,1,1,1
0,123,0.25,2,0.475,0.095,0.4,0.2,4
23,500001,-0.3074434644612,1,255
83,500003,1.296853541673,0,256
83,123,1.0848467970824,1,1461
123,500003,1.296853541673,1,1462
0,123,0.25,2,0.475,0.095,0.4,0.2,4
23,500001,-0.3074434644612,1,255
83,500003,1.296853541673,0,256
83,123,1.0848467970824,1,1461
123,500003,1.296853541673,1,1462
0,0,1,1,1
0,122,0.26315789473684,1.805,0.5,0.095,0.361,0.2,0
0,122,0.26315789473684,1.805,0.5,0.095,0.361,0.2,0
0,0,1,1,1
0,123,0.25,1.805,0.5,0.095,0.4,0.2,4
23,500001,-0.3074434644612,1,255
83,500003,1.296853541673,1,256
83,123,1,1,1467
123,500003,1.296853541673,1,1468
0,123,0.25,1.805,0.5,0.095,0.4,0.2,4
23,500001,-0.3074434644612,1,255
83,500003,1.296853541673,1,256
83,123,1,1,1467
123,500003,1.296853541673,1,1468
0,0,1,1,1
0,122,0.2375,1.9,0.45125,0.10526315789474,0.361,0.21052631578947,0
0,122,0.2375,1.9,0.45125,0.10526315789474,0.361,0.21052631578947,0
0,0,1,1,1
18,123,0.2375,2.1052631578947,0.52631578947368,0.095,0.38,0.2,0
0,123,0.2375,2.1052631578947,0.52631578947368,0.095,0.38,0.2,0
0,0,1,1,1
0,123,0.25,2,0.52631578947368,0.1,0.361,0.21052631578947,0
0,123,0.25,2,0.52631578947368,0.1,0.361,0.21052631578947,0
0,0,1,1,1
0,123,0.2375,2.1052631578947,0.55401662049861,0.09025,0.38,0.2,0
0,123,0.2375,2.1052631578947,0.55401662049861,0.09025,0.38,0.2,0
0,0,1,1,1
16,123,0.26315789473684,2.1052631578947,0.52631578947368,0.1,0.42105263157895,0.2,0
0,123,0.26315789473684,2.1052631578947,0.52631578947368,0.1,0.42105263157895,0.2,0
0,0,1,1,1
0,123,0.27700831024931,2,0.55401662049861,0.10526315789474,0.4,0.19,0
0,123,0.27700831024931,2,0.55401662049861,0.10526315789474,0.4,0.19,0
0,0,1,1,1
0,123,0.26315789473684,2.1052631578947,0.52631578947368,0.10526315789474,0.4,0.19,0
0,123,0.26315789473684,2.1052631578947,0.52631578947368,0.10526315789474,0.4,0.19,0
0,0,1,1,1
0,123,0.26315789473684,2.1052631578947,0.52631578947368,0.1,0.42105263157895,0.21052631578947,0
0,123,0.26315789473684,2.1052631578947,0.52631578947368,0.1,0.42105263157895,0.21052631578947,0
0,0,1,1,1
11,123,0.25,2,0.5,0.10526315789474,0.42105263157895,0.21052631578947,0
0,123,0.25,2,0.5,0.10526315789474,0.42105263157895,0.21052631578947,0
0,0,1,1,1
0,123,0.2375,1.9,0.475,0.11080332409973,0.4,0.2,0
0,123,0.2375,1.9,0.475,0.11080332409973,0.4,0.2,0
0,0,1,1,1
9,122,0.2375,1.9,0.52631578947368,0.1,0.38,0.2,0
0,122,0.2375,1.9,0.52631578947368,0.1,0.38,0.2,0
0,0,1,1,1
0,122,0.225625,1.805,0.55401662049861,0.1,0.38,0.21052631578947,0
0,122,0.225625,1.805,0.55401662049861,0.1,0.38,0.21052631578947,0
0,0,1,1,1
0,122,0.2375,1.805,0.52631578947368,0.10526315789474,0.4,0.19,0
0,122,0.2375,1.805,0.52631578947368,0.10526315789474,0.4,0.19,0
0,0,1,1,1
0,122,0.2375,1.805,0.55401662049861,0.1,0.4,0.2,0
0,122,0.2375,1.805,0.55401662049861,0.1,0.4,0.2,0
0,0,1,1,1
0,123,0.2375,1.805,0.55401662049861,0.10526315789474,0.361,0.2,4
96,500004,0.62703329569384,0,79
111,500003,1.6695791497543,1,80
96,123,1,1,1582
123,500004,0.62703329569384,0,1583
0,123,0.2375,1.805,0.55401662049861,0.10526315789474,0.361,0.2,4
96,500004,0.62703329569384,0,79
111,500003,1.6695791497543,1,80
96,123,1,1,1582
123,500004,0.62703329569384,0,1583
0,0,1,1,1
0,123,0.25,2,0.5,0.10526315789474,0.361,0.19,4
96,500004,0.62703329569384,0,79
111,500003,1.6695791497543,1,80
96,123,1,1,1586
123,500004,0.60111183748733,1,1587
0,123,0.25,2,0.5,0.10526315789474,0.361,0.19,4
96,500004,0.62703329569384,0,79
111,500003,1.6695791497543,1,80
96,123,1,1,1586
123,500004,0.60111183748733,1,1587
0,0,1,1,1
0,123,0.25,2,0.55401662049861,0.095,0.4,0.19,4
96,500004,0.62703329569384,1,79
111,500003,1.6695791497543,0,80
111,123,0.97934278389843,1,1590
123,500003,1.6695791497543,1,1591
0,123,0.25,2,0.55401662049861,0.095,0.4,0.19,4
96,500004,0.62703329569384,1,79
111,500003,1.6695791497543,0,80
111,123,0.97934278389843,1,1590
123,500003,1.6695791497543,1,1591
0,0,1,1,1
9,122,0.26315789473684,2.1052631578947,0.52631578947368,0.10526315789474,0.38,0.19,0
0,122,0.26315789473684,2.1052631578947,0.52631578947368,0.10526315789474,0.38,0.19,0
0,0,1,1,1
0,123,0.27700831024931,2.2160664819944,0.55401662049861,0.1,0.361,0.1805,4
18,500002,-0.83211767937254,0,179
84,500003,1.8353221228675,1,180
18,123,1,1,1598
123,500002,-0.83211767937254,0,1599
0,123,0.27700831024931,2.2160664819944,0.55401662049861,0.1,0.361,0.1805,4
18,500002,-0.83211767937254,0,179
84,500003,1.8353221228675,1,180
18,123,1,1,1598
123,500002,-0.83211767937254,0,1599
0,0,1,1,1
0,122,0.26315789473684,2.1052631578947,0.52631578947368,0.11080332409973,0.38,0.2,0
0,122,0.26315789473684,2.1052631578947,0.52631578947368,0.11080332409973,0.38,0.2,0
0,0,1,1,1
0,122,0.25,2.2160664819944,0.5,0.11080332409973,0.38,0.1805,0
0,122,0.25,2.2160664819944,0.5,0.11080332409973,0.38,0.1805,0
0,0,1,1,1
0,122,0.26315789473684,2.2160664819944,0.5,0.1,0.4,0.2,0
0,122,0.26315789473684,2.2160664819944,0.5,0.1,0.4,0.2,0
0,0,1,1,1
9,123,0.2375,1.9,0.475,0.1,0.42105263157895,0.2,0
0,123,0.2375,1.9,0.475,0.1,0.42105263157895,0.2,0
0,0,1,1,1
0,123,0.25,2,0.475,0.095,0.4,0.21052631578947,0
0,123,0.25,2,0.475,0.095,0.4,0.21052631578947,0
0,0,1,1,1
0,123,0.225625,2,0.5,0.095,0.4,0.2,0
0,123,0.225625,2,0.5,0.095,0.4,0.2,0
0,0,1,1,1
1,122,0.25,2,0.475,0.10526315789474,0.38,0.19,0
0,122,0.25,2,0.475,0.10526315789474,0.38,0.19,0
0,0,1,1,1
1,122,0.2375,1.9,0.5,0.10526315789474,0.42105263157895,0.21052631578947,0
0,122,0.2375,1.9,0.5,0.10526315789474,0.42105263157895,0.21052631578947,0
0,0,1,1,1
1,122,0.2375,2.1052631578947,0.475,0.095,0.4,0.2,0
0,122,0.2375,2.1052631578947,0.475,0.095,0.4,0.2,0
0,0,1,1,1
1,123,0.26315789473684,1.9,0.475,0.10526315789474,0.42105263157895,0.21052631578947,0
0,123,0.26315789473684,1.9,0.475,0.10526315789474,0.42105263157895,0.21052631578947,0
0,0,1,1,1
1,123,0.2375,2,0.52631578947368,0.095,0.4,0.2,0
0,123,0.2375,2,0.52631578947368,0.095,0.4,0.2,0
0,0,1,1,1
1,123,0.25,2.1052631578947,0.475,0.10526315789474,0.42105263157895,0.21052631578947,0
0,123,0.25,2.1052631578947,0.475,0.10526315789474,0.42105263157895,0.21052631578947,0
