3,1671,76,1,201,155,75
126,864,0,0,9
105,122,0.225625,2,0.475,0.095,0.44321329639889,0.19,4
88,500003,0.1242602313303,1,345
45,500001,-1.7244788964507,1,346
114,500005,1.1164281136509,1,726
67,500002,0.48323007904294,0,727
105,122,0.225625,2,0.475,0.095,0.44321329639889,0.19,4
88,500003,0.1242602313303,1,345
45,500001,-1.7244788964507,1,346
114,500005,1.1164281136509,1,726
67,500002,0.48323007904294,0,727
45,122,0.21434375,1.9,0.5,0.09025,0.44321329639889,0.1805,8
88,500003,0.1242602313303,1,345
45,500001,-1.7244788964507,0,346
114,500005,0.15900143436995,1,714
9,500002,-0.025710776085696,1,715
114,500005,1.1164281136509,1,726
67,500002,0.48323007904294,0,727
92,500004,0.17377239295633,1,1130
10,500003,-1.1922360911893,1,1131
98,123,0.21434375,2.1052631578947,0.45125,0.095,0.46654031199883,0.19,9
88,500003,0.1242602313303,1,345
45,500001,-1.7244788964507,0,346
114,500005,1.1164281136509,1,726
67,500002,0.48323007904294,1,727
46,500003,0.0078737754448075,0,772
109,500001,1.7639088106937,1,1162
74,500004,0.30671102023377,1,1163
45,123,1,1,1164
123,500001,-1.7244788964507,1,1165
95,123,0.21434375,1.9,0.45125,0.09025,0.44321329639889,0.1805,10
88,500003,0.1242602313303,1,345
45,500001,-1.7244788964507,1,346
114,500005,1.1164281136509,1,726
67,500002,0.48323007904294,1,727
1,500004,-1.3421430097354,0,775
94,500004,-0.4453871272927,0,776
1,123,1,1,777
123,500004,-1.3421430097354,1,778
109,500005,-1.2173833429975,1,1171
96,500003,0.62703329569384,1,1172
105,124,0.225625,2.1052631578947,0.475,0.095,0.44321329639889,0.2,12
88,500003,0.1242602313303,1,345
45,500001,-1.7244788964507,1,346
20,500005,-1.8083437604907,1,702
31,500005,-1.1589098788415,0,703
88,123,1,1,704
123,500003,0.11439359721671,0,705
114,500005,1.1164281136509,1,726
67,500002,0.48323007904294,0,727
7,500004,-1.3217566454054,1,1185
8,500001,1.137913144322,1,1186
31,124,1,1,1187
124,500005,-1.1589098788415,1,1188
90,123,0.2375,1.9,0.5,0.095,0.44321329639889,0.19,10
88,500003,0.1242602313303,1,345
45,500001,-1.7244788964507,1,346
114,500005,1.1164281136509,1,726
67,500002,0.48323007904294,0,727
102,500004,-1.989867854854,0,783
107,500005,-1.1000701925718,1,784
102,123,1,0,785
123,500004,-1.989867854854,1,786
105,500001,1.4575029755547,1,1209
80,500004,1.3145542771691,1,1210
95,123,0.21434375,2,0.45125,0.1,0.44321329639889,0.2,10
88,500003,0.1242602313303,1,345
45,500001,-1.7244788964507,1,346
114,500005,1.1164281136509,1,726
67,500002,0.48323007904294,1,727
113,500005,-0.28156376842555,0,761
68,500001,-0.94308297982727,0,762
113,123,1,1,763
123,500005,-0.28156376842555,1,764
58,500001,-0.797204504532,1,1215
97,500002,-0.14740134891812,1,1216
105,124,0.225625,2.1052631578947,0.45125,0.095,0.42105263157895,0.19,12
88,500003,0.1242602313303,1,345
45,500001,-1.7244788964507,1,346
114,500005,1.1164281136509,1,726
67,500002,0.48323007904294,0,727
55,500004,-0.17682424390393,1,757
72,500004,-1.2820825830866,0,758
72,123,1,1,759
123,500004,-1.2820825830866,1,760
4,500004,-1.0870082705161,1,1247
69,500004,1.4080629902036,1,1248
72,124,1,1,1249
124,500004,-1.2820825830866,1,1250
126,124,0.21434375,2.1052631578947,0.5,0.1,0.44321329639889,0.1805,12
88,500003,0.1242602313303,1,345
45,500001,-1.7244788964507,1,346
114,500005,1.1164281136509,1,726
67,500002,0.48323007904294,0,727
102,500004,-1.989867854854,0,783
107,500005,-1.1000701925718,1,784
102,123,1,0,785
123,500004,-1.989867854854,1,786
29,500005,1.4380932035279,1,1263
119,500003,0.33588671529282,1,1264
102,124,1,1,1265
124,500004,-1.989867854854,1,1266
105,246,1,1,3
98,122,0.225625,1.9,0.52631578947368,0.11080332409972,0.361,0.2,4
77,500003,1.6467177343059,1,167
64,500004,1.9973143711661,1,168
110,500001,-1.3768120365001,1,841
96,500004,-1.9853906796134,1,842
98,122,0.225625,1.805,0.5,0.1,0.4,0.19,7
77,500003,1.6467177343059,1,167
64,500004,1.9973143711661,1,168
110,500001,-1.3768120365001,1,841
96,500004,-1.9853906796134,1,842
34,500004,0.4452650532548,1,857
85,500002,-0.10401623584704,1,858
80,500004,-0.9196447645497,1,1281
98,123,0.225625,2,0.58317538999855,0.10526315789473,0.38,0.19,10
77,500003,1.6467177343059,1,167
64,500004,1.9973143711661,1,168
110,500001,-1.3768120365001,1,841
96,500004,-1.9853906796134,0,842
42,500005,1.8851283303323,1,853
110,500001,0.17011017181921,1,854
53,500004,0.88570818201239,1,1392
110,500005,1.6613666188543,1,1393
96,123,1,1,1394
123,500004,-1.9853906796134,1,1395
50,123,0.2375,1.805,0.52631578947368,0.11663507799971,0.34295,0.21052631578947,7
77,500003,1.6467177343059,1,167
64,500004,1.9973143711661,0,168
110,500001,-1.3768120365001,1,841
96,500004,-1.9853906796134,1,842
81,500004,0.32514419995727,1,1406
64,123,0.31818597979675,1,1407
123,500004,1.9973143711661,1,1408
155,276,1,1,4
98,123,0.25,2,0.52631578947368,0.1,0.38,0.2,6
77,500003,0.78939176610614,1,491
70,500002,1.5310975580374,0,492
80,500004,-1.9996337778863,0,920
69,500003,-0.77730643635365,1,921
70,123,1,1,922
123,500002,1.5310975580374,0,923
89,124,0.25,2,0.52631578947368,0.10526315789474,0.361,0.2,13
77,500003,0.78939176610614,1,491
70,500002,1.5310975580374,1,492
2,500005,1.4885097811823,1,896
77,123,1,0,897
123,500003,0.78939176610614,1,898
80,500004,-1.9996337778863,0,920
69,500003,-0.77730643635365,1,921
70,123,1,0,922
123,500002,1.5310975580374,0,923
60,500001,-0.11920529801324,1,1460
41,500002,-1.9140598773156,1,1461
77,124,1,1,1462
124,123,1,1,1463
89,124,0.26315789473684,2.1052631578947,0.52631578947368,0.10526315789474,0.38,0.22160664819944,14
77,500003,0.78939176610614,0,491
70,500002,1.5310975580374,0,492
80,500004,-1.9996337778863,1,920
69,500003,-0.77730643635365,1,921
70,123,1,1,922
123,500002,1.5310975580374,1,923
78,500004,-0.63020722067934,0,969
12,500004,-0.34174626911222,1,970
77,123,1,1,971
123,500003,0.78939176610614,1,972
90,500003,-0.51594592120121,0,1488
6,123,-1.2109134189886,1,1489
70,124,1,1,1490
124,500002,1.5310975580374,0,1491
98,123,0.25,1.9,0.52631578947368,0.095,0.361,0.21052631578947,8
77,500003,0.78939176610614,1,491
70,500002,1.5310975580374,0,492
80,500004,-1.9996337778863,0,920
69,500003,-0.77730643635365,1,921
70,123,1,1,922
123,500002,1.5310975580374,0,923
59,500001,-1.7722098452712,1,1494
14,500002,-1.5755485702078,1,1495
0,124,0.2375,1.805,0.52631578947368,0.10526315789473,0.4,0.21052631578947,13
77,500003,0.78939176610614,0,491
70,500002,1.5310975580374,1,492
80,500004,-1.9996337778863,0,920
69,500003,-0.77730643635365,1,921
70,123,1,0,922
123,500002,1.5310975580374,0,923
43,500004,-0.7023529770806,0,931
28,500002,-0.71956541642506,1,932
77,123,1,0,933
123,500003,0.78939176610614,1,934
85,500001,-1.4830164494766,1,1511
70,124,1,1,1512
124,123,1,1,1513
72,88,1,1,3
43,123,0.26315789473684,2.1052631578947,0.5,0.1,0.38,0.2,6
43,500003,1.6458632160405,0,378
116,500005,1.4452955717643,1,379
86,500002,-0.22260200811792,1,988
6,500001,-0.034730063783685,1,989
43,123,1,1,990
123,500003,1.7122135074923,1,991
42,124,0.26315789473684,2,0.5,0.095,0.361,0.19,10
43,500003,1.6458632160405,0,378
116,500005,1.4452955717643,1,379
86,500002,-0.22260200811792,1,988
6,500001,-0.034730063783685,1,989
43,123,1,1,990
123,500003,1.7122135074923,1,991
55,500002,-0.90939054536576,1,1516
68,500001,1.5198828089236,1,1517
43,124,1,1,1518
124,500003,1.6458632160405,0,1519
0,124,0.26315789473684,2.2160664819944,0.4286875,0.09025,0.38,0.21052631578947,12
43,500003,1.6458632160405,1,378
116,500005,1.4452955717643,0,379
86,500002,-0.22260200811792,1,988
6,500001,-0.034730063783685,1,989
43,123,1,1,990
123,500003,1.7122135074923,1,991
72,500002,-0.58882412182989,1,1004
117,500002,1.7700125125889,1,1005
98,500004,-1.4335764641255,1,1545
95,500001,0.2125919370098,1,1546
116,124,1,1,1547
124,500005,1.4452955717643,0,1548
46,123,0.29158769499927,2,0.475,0.10526315789474,0.361,0.1805,12
43,500003,1.6458632160405,1,378
116,500005,1.4452955717643,1,379
86,500002,-0.22260200811792,1,988
6,500001,-0.034730063783685,1,989
43,123,1,1,990
123,500003,1.7122135074923,1,991
17,500004,1.7869808038575,0,1006
18,500005,-0.6104312265389,1,1007
17,123,0.97385479293191,1,1008
123,500004,1.7869808038575,1,1009
95,500004,-0.50520340586566,1,1565
24,500005,-0.76631977294229,1,1566
116,210,1,1,2
105,124,0.2375,2,0.45125,0.1,0.44321329639889,0.2,8
27,500005,0.45161290322581,1,303
43,500003,1.9940183721427,0,304
43,123,0.92910855433821,1,305
123,500003,1.9940183721427,1,306
121,500005,1.0147404400769,1,614
34,500001,0.32758568071535,0,615
43,124,1,1,616
124,500003,1.9940183721427,0,617
105,125,0.25,2,0.45125,0.095,0.42105263157895,0.19,16
27,500005,0.45161290322581,1,303
43,500003,1.9940183721427,0,304
43,123,0.92910855433821,1,305
123,500003,1.9940183721427,1,306
121,500005,1.0147404400769,1,614
34,500001,0.32758568071535,0,615
43,124,1,1,616
124,500003,1.9940183721427,0,617
57,500003,-0.18121890926847,0,674
85,500001,-1.5551622058779,1,675
57,124,1,1,676
124,500003,-0.18121890926847,1,677
55,500003,-0.57197790459914,1,1571
34,500003,-0.47541734061708,1,1572
34,125,1,1,1573
125,500001,0.32758568071535,0,1574
105,124,0.25,2.1052631578947,0.475,0.095,0.44321329639889,0.2,12
27,500005,0.45161290322581,1,303
43,500003,1.9940183721427,1,304
43,123,0.92910855433821,1,305
123,500003,1.9940183721427,1,306
121,500005,1.0147404400769,1,614
34,500001,0.32758568071535,0,615
43,124,1,1,616
124,500003,1.9940183721427,1,617
25,500002,0.52021851252785,1,688
14,500004,-1.9233375041963,1,689
86,500004,-0.16888943144017,1,1581
106,123,1.9659413434248,1,1582
98,971,1,1,10
98,124,0.26315789473684,2.2160664819945,0.475,0.10526315789474,0.4,0.21052631578947,8
67,500005,1.1777092806787,1,197
98,500003,1.4803308206427,1,198
98,123,1,1,199
123,500003,1.4803308206427,1,200
122,123,1.7263100070193,1,1098
11,500004,-1.460921048616,1,1099
123,124,1,1,1100
124,500003,1.4803308206427,0,1101
98,124,0.26315789473684,2.2160664819945,0.475,0.10526315789474,0.4,0.21052631578947,8
67,500005,1.1777092806787,1,197
98,500003,1.4803308206427,1,198
98,123,1,1,199
123,500003,1.4803308206427,1,200
122,123,1.7263100070193,1,1098
11,500004,-1.460921048616,1,1099
123,124,1,1,1100
124,500003,1.4803308206427,0,1101
98,124,0.26315789473684,2.2160664819945,0.475,0.11080332409973,0.42105263157895,0.2,10
67,500005,1.1777092806787,1,197
98,500003,1.5789876088934,1,198
98,123,1,1,199
123,500003,1.4803308206427,1,200
122,123,1.7263100070193,1,1098
11,500004,-1.460921048616,1,1099
123,124,1,0,1100
124,500003,1.4803308206427,0,1101
30,124,-1.5699331644642,1,1597
79,123,1.996215704825,1,1598
98,125,0.26315789473684,2.3327015599942,0.475,0.1,0.38,0.2,12
67,500005,1.1777092806787,1,197
98,500003,1.4803308206427,1,198
98,123,1,1,199
123,500003,1.4803308206427,1,200
122,123,1.7263100070193,1,1098
11,500004,-1.460921048616,1,1099
123,124,1,1,1100
124,500003,1.4803308206427,1,1101
56,123,-0.10345774712363,0,1599
46,123,1.7195959349345,1,1600
56,125,1,1,1601
125,123,-0.10345774712363,1,1602
98,124,0.27700831024931,2.2160664819945,0.5,0.11080332409973,0.38,0.2,10
67,500005,1.1777092806787,1,197
98,500003,1.4803308206427,1,198
98,123,1,1,199
123,500003,1.4803308206427,1,200
122,123,1.7263100070193,1,1098
11,500004,-1.460921048616,1,1099
123,124,1,1,1100
124,500003,1.4803308206427,0,1101
40,124,0.83895382549516,1,1603
96,124,-1.2850123599963,1,1604
98,125,0.26315789473684,2.3327015599942,0.45125,0.10526315789474,0.4,0.2,13
67,500005,1.1777092806787,1,197
98,500003,1.4803308206427,0,198
98,123,1,1,199
123,500003,1.4803308206427,1,200
122,123,1.7263100070193,1,1098
11,500004,-1.460921048616,1,1099
123,124,1,1,1100
124,500003,1.4192648894186,0,1101
32,500005,-0.60078737754448,1,1605
74,124,-1.5817743461409,1,1606
73,500005,-0.98507644886624,1,1607
98,125,1,1,1608
125,500003,1.4803308206427,1,1609
98,124,0.26315789473684,2.1052631578948,0.5,0.10526315789474,0.38,0.22160664819944,10
67,500005,1.1777092806787,1,197
98,500003,1.4803308206427,1,198
98,123,1,1,199
123,500003,1.4803308206427,1,200
122,123,1.7263100070193,1,1098
11,500004,-1.460921048616,1,1099
123,124,1,1,1100
124,500003,1.4803308206427,0,1101
83,500002,-1.6768700216681,1,1610
23,500003,-0.81695158640031,1,1611
98,124,0.27700831024931,2.3327015599942,0.475,0.11080332409973,0.42105263157895,0.2,10
67,500005,1.1777092806787,1,197
98,500003,1.4803308206427,0,198
98,123,1,1,199
123,500003,1.4803308206427,1,200
122,123,1.7263100070193,1,1098
11,500004,-1.460921048616,1,1099
123,124,1,1,1100
124,500003,1.4803308206427,0,1101
82,500004,0.21308023316141,1,1612
81,123,1.4753257850887,1,1613
98,124,0.27700831024931,2.1052631578948,0.45125,0.1,0.42105263157895,0.21052631578947,10
67,500005,1.1777092806787,1,197
98,500003,1.4803308206427,1,198
98,123,1,1,199
123,500003,1.4803308206427,1,200
122,123,1.7263100070193,1,1098
11,500004,-1.460921048616,1,1099
123,124,1,1,1100
124,500003,1.4803308206427,0,1101
24,500004,1.4776451918088,1,1614
58,124,-1.3270058290353,1,1615
98,125,0.26315789473684,2.1052631578948,0.475,0.1,0.42105263157895,0.21052631578947,12
67,500005,1.1777092806787,1,197
98,500003,1.4803308206427,1,198
98,123,1,1,199
123,500003,1.4803308206427,1,200
122,123,1.7182012390515,1,1098
11,500004,-1.460921048616,1,1099
123,124,1,0,1100
124,500003,1.4803308206427,1,1101
25,500005,0.99581896420179,1,1616
78,500002,-1.871578112125,1,1617
123,125,1,0,1618
125,124,1,1,1619
89,124,0.27700831024931,2.2160664819945,0.45125,0.10526315789474,0.4,0.22160664819944,10
67,500005,1.1777092806787,1,197
98,500003,1.4803308206427,1,198
98,123,1,0,199
123,500003,1.4803308206427,1,200
122,123,1.7263100070193,1,1098
11,500004,-1.460921048616,1,1099
123,124,1,1,1100
124,500003,1.4803308206427,0,1101
20,500003,-1.6043580431532,1,1620
22,500002,1.7861262855922,1,1621
69,380,0,0,7
50,123,0.225625,1.9,0.55401662049862,0.1,0.361,0.21052631578947,6
96,500004,0.62703329569384,1,79
111,500003,1.6695791497543,0,80
102,500004,-0.67635120700705,1,1041
115,500004,0.59993285927915,1,1042
111,123,1,1,1043
123,500003,1.6695791497543,1,1044
50,123,0.225625,1.9,0.55401662049862,0.1,0.361,0.21052631578947,6
96,500004,0.62703329569384,1,79
111,500003,1.6695791497543,0,80
102,500004,-0.67635120700705,1,1041
115,500004,0.59993285927915,1,1042
111,123,1,1,1043
123,500003,1.6695791497543,1,1044
50,124,0.2375,1.9,0.52631578947369,0.095,0.38,0.2,11
96,500004,0.62703329569384,0,79
111,500003,1.6695791497543,0,80
102,500004,-0.67635120700705,1,1041
115,500004,0.59993285927915,1,1042
111,123,1,1,1043
123,500003,1.6695791497543,1,1044
78,500001,-1.0666219061861,0,1047
31,500003,1.7951597643971,1,1048
51,500002,0.74312570574053,1,1622
78,124,1,1,1623
124,500001,-1.0666219061861,1,1624
58,123,0.21434375,1.9,0.58317538999855,0.1,0.34295,0.2,10
96,500004,0.62703329569384,1,79
111,500003,1.6695791497543,0,80
102,500004,-0.67635120700705,1,1041
115,500004,0.59993285927915,1,1042
111,123,1,1,1043
123,500003,1.6695791497543,1,1044
78,500001,-1.0666219061861,1,1047
31,500003,1.7951597643971,1,1048
23,500002,1.8942838831751,1,1625
32,500005,0.5860164189581,1,1626
50,123,0.225625,2,0.52631578947369,0.10526315789474,0.34295,0.2,8
96,500004,0.62703329569384,1,79
111,500003,1.6695791497543,0,80
102,500004,-0.76533354321501,1,1041
115,500004,0.59993285927915,1,1042
111,123,1,1,1043
123,500003,1.6695791497543,1,1044
58,500002,-0.30903042695395,0,1627
66,500001,-0.77486495559557,1,1628
50,124,0.2375,1.9,0.52631578947369,0.095,0.361,0.22160664819944,12
96,500004,0.62703329569384,1,79
111,500003,1.6695791497543,0,80
102,500004,-0.67635120700705,1,1041
115,500004,0.59993285927915,1,1042
111,123,1,0,1043
123,500003,1.6695791497543,1,1044
78,500001,-1.0666219061861,1,1047
31,500003,1.7951597643971,1,1048
25,500003,1.4938810388501,1,1629
20,500004,0.045228431043428,0,1630
111,124,1,1,1631
124,123,1,1,1632
53,124,0.225625,1.805,0.58317538999855,0.10526315789474,0.38,0.21052631578947,10
96,500004,0.62703329569384,1,79
111,500003,1.6695791497543,0,80
102,500004,-0.67635120700705,0,1041
115,500004,0.59993285927915,1,1042
111,123,1,1,1043
123,500003,1.6695791497543,1,1044
74,500005,1.3676564836573,1,1635
58,500004,-1.4550614947966,1,1636
102,124,1,1,1637
124,500004,-0.67635120700705,1,1638
69,124,0.2375,1.805,0.55401662049862,0.1,0.361,0.2,13
96,500004,0.62703329569384,1,79
111,500003,1.6695791497543,0,80
102,500004,-1.2243415631581,1,1041
115,500004,0.59993285927915,1,1042
111,123,1,1,1043
123,500003,1.6695791497543,1,1044
81,500003,0.79464094973601,0,1049
72,500001,-1.8627887813959,1,1050
72,123,1,1,1051
123,500001,-1.8627887813959,0,1052
118,500004,-0.92172002319407,1,1639
81,124,1,1,1640
124,500003,0.79464094973601,1,1641
30,53,1,1,2
29,123,0.2375,2,0.5,0.095,0.4,0.21052631578947,6
23,500001,-0.3074434644612,1,255
83,500003,1.296853541673,1,256
102,500003,0.11272362437819,1,1025
101,500002,-1.7391277809992,0,1026
101,123,1,1,1027
123,500002,-1.7391277809992,1,1028
24,123,0.225625,2,0.5,0.09025,0.38,0.22160664819944,8
23,500001,-0.3074434644612,1,255
83,500003,1.296853541673,1,256
102,500003,0.11272362437819,1,1025
101,500002,-1.7391277809992,0,1026
101,123,1,1,1027
123,500002,-1.7391277809992,0,1028
20,500004,0.91134372997223,1,1646
91,500005,0.45661793877987,1,1647
29,123,0.25,2.1052631578947,0.5,0.095,0.4,0.2,9
23,500001,-0.28702978606525,1,255
83,500003,1.296853541673,1,256
102,500003,0.11272362437819,1,1025
101,500002,-1.7391277809992,0,1026
101,123,1,1,1027
123,500002,-1.7391277809992,1,1028
69,500002,0.031434064760277,1,1648
9,500004,1.9182103946043,1,1649
3,500003,0.3871578112125,1,1650
98,314,1,1,5
10,123,0.2375,2.1052631578947,0.475,0.10526315789474,0.42105263157895,0.2,4
8,500002,0.77718436231574,1,225
107,500003,1.4739829706717,0,226
107,123,1,1,227
123,500003,1.4739829706717,1,228
98,124,0.2375,2.1052631578947,0.475,0.10526315789474,0.4,0.19,8
8,500002,0.77718436231574,1,225
107,500003,1.4739829706717,0,226
107,123,1,1,227
123,500003,1.4739829706717,0,228
105,500002,-0.93331705679495,1,1083
55,123,0.26496169927061,1,1084
123,124,1,1,1085
124,500003,1.4739829706717,1,1086
46,124,0.2375,2.1052631578947,0.5,0.1,0.42105263157895,0.1805,10
8,500002,0.77718436231574,1,225
107,500003,1.4739829706717,0,226
107,123,1,1,227
123,500003,1.4739829706717,0,228
105,500002,-0.93331705679495,1,1083
55,123,0.26496169927061,1,1084
123,124,1,1,1085
124,500003,1.4739829706717,1,1086
113,123,-0.38850062562944,1,1655
1,500003,1.8460646382031,1,1656
23,125,0.25,2.1052631578947,0.5,0.1,0.42105263157895,0.2,12
8,500002,0.77718436231574,1,225
107,500003,1.4739829706717,0,226
107,123,1,1,227
123,500003,1.4739829706717,0,228
105,500002,-0.93331705679495,0,1083
55,123,0.26496169927061,1,1084
123,124,1,1,1085
124,500003,1.4739829706717,1,1086
77,500004,1.4048890652181,1,1657
72,124,1.6921292764061,1,1658
105,125,1,1,1659
125,500002,-0.93331705679495,1,1660
98,125,0.25,2.1052631578947,0.5,0.11080332409973,0.42105263157895,0.2,13
8,500002,0.77718436231574,1,225
107,500003,1.4739829706717,0,226
107,123,1,1,227
123,500003,1.4739829706717,0,228
105,500002,-0.93331705679495,1,1083
55,123,0.26496169927061,0,1084
123,124,1,1,1085
124,500003,1.4739829706717,1,1086
119,123,0.44111453596606,1,1661
111,124,0.89010284737693,1,1662
4,500001,-0.16644795068209,1,1663
55,125,1,1,1664
125,123,0.26496169927061,1,1665
49,125,0.225625,2.2160664819944,0.5,0.11080332409973,0.4,0.2,12
8,500002,0.77718436231574,0,225
107,500003,1.4739829706717,1,226
107,123,1,1,227
123,500003,1.4739829706717,0,228
105,500002,-0.93331705679495,1,1083
55,123,0.26496169927061,1,1084
123,124,1,1,1085
124,500003,1.4739829706717,1,1086
75,500005,-1.7331461531419,1,1666
61,500003,-1.7454756309702,1,1667
8,125,1,1,1668
125,500002,0.77718436231574,1,1669
14,24,2,1,2
14,122,0.2375,2.1052631578947,0.475,0.095,0.4,0.2,2
111,500003,1.0716269417402,1,181
7,500004,-1.90331736198,1,182
14,122,0.2375,2.1052631578947,0.475,0.095,0.4,0.2,2
111,500003,1.0716269417402,1,181
7,500004,-1.90331736198,1,182
10,123,0.2375,2.1052631578948,0.45125,0.09025,0.4,0.2,11
111,500003,1.1021252555926,1,181
7,500004,-1.90331736198,1,182
50,500003,-0.29596850489822,1,1053
19,500003,-0.21613208410901,1,1054
117,500003,-0.079897457808161,1,1060
51,500002,-1.9063692129276,1,1061
19,500001,-0.055726798303171,1,1062
7,123,1,1,1063
123,500004,-1.90331736198,1,1064
29,500002,0.83236182744835,1,1670
28,500001,1.4869228186895,1,1671
98,353,0,0,5
0,124,0.2375,2.1052631578947,0.52631578947368,0.095,0.44321329639889,0.2,10
88,500003,0.1242602313303,0,345
45,500001,-1.7244788964507,0,346
55,500004,-0.17682424390393,1,757
72,500004,-1.2820825830866,1,758
72,123,1,1,759
123,500004,-1.2820825830866,1,760
106,500004,0.054139835810419,1,1106
38,123,-1.6343882564776,1,1107
45,124,1,1,1108
124,500001,-1.7968530838954,1,1109
0,124,0.2375,2.1052631578947,0.52631578947368,0.095,0.44321329639889,0.2,10
88,500003,0.1242602313303,0,345
45,500001,-1.7244788964507,0,346
55,500004,-0.17682424390393,1,757
72,500004,-1.2820825830866,1,758
72,123,1,1,759
123,500004,-1.2820825830866,1,760
106,500004,0.054139835810419,1,1106
38,123,-1.6343882564776,1,1107
45,124,1,1,1108
124,500001,-1.7968530838954,1,1109
75,124,0.225625,1.9,0.55401662049861,0.1,0.42105263157895,0.2,14
88,500003,0.1242602313303,1,345
45,500001,-1.7244788964507,0,346
55,500004,-0.17682424390393,1,757
72,500004,-1.2820825830866,1,758
72,123,1,1,759
123,500004,-1.2820825830866,1,760
1,500004,-1.3421430097354,0,775
94,500004,-0.4453871272927,0,776
1,123,1,1,777
123,500004,-1.3421430097354,1,778
71,500002,-1.3937803277688,1,1116
28,500002,1.2115237891781,0,1117
28,124,1,1,1118
124,500002,1.2115237891781,1,1119
98,123,0.25,2.2160664819944,0.5,0.095,0.4,0.2,13
88,500003,0.1242602313303,1,345
45,500001,-1.7244788964507,0,346
55,500004,-0.17682424390393,1,757
72,500004,-1.2820825830866,1,758
72,123,1,1,759
123,500004,-1.2820825830866,1,760
53,500001,-1.2420422986541,1,765
56,500001,-1.1402325510422,1,766
47,500004,-1.5236671040986,1,767
56,123,1,1,768
123,500001,-1.1402325510422,1,769
100,500003,0.44441053498947,1,1154
99,500005,-1.4207586901456,1,1155
82,124,0.2375,2.1052631578947,0.52631578947368,0.095,0.44321329639889,0.2,12
88,500003,0.1242602313303,1,345
45,500001,-1.7244788964507,1,346
114,500005,-0.24727622302927,1,724
20,500001,0.53022858363598,1,725
55,500004,-0.17682424390393,1,757
72,500004,-1.2820825830866,1,758
72,123,1,1,759
123,500004,-1.2820825830866,1,760
118,500005,1.561387981811,1,1197
78,500001,0.46772667622913,1,1198
114,124,1,1,1199
124,500005,-0.24727622302927,1,1200
98,124,0.225625,1.9,0.5,0.09025,0.44321329639889,0.1805,10
88,500003,0.1242602313303,1,345
45,500001,-1.7244788964507,1,346
55,500004,-0.17682424390393,1,757
72,500004,-1.2820825830866,0,758
72,123,1,1,759
123,500004,-1.3113249382,1,760
19,123,-1.9630115665151,1,1205
43,500003,-0.62703329569384,1,1206
72,124,1,1,1207
124,500004,-1.2820825830866,1,1208
105,754,0,0,9
102,124,0.2375,2,0.55401662049861,0.09025,0.44321329639889,0.19,15
88,500003,0.1242602313303,1,345
45,500001,-1.7244788964507,1,346
53,500001,-1.2420422986541,1,765
56,500001,-1.1402325510422,0,766
47,500004,-1.5236671040986,1,767
56,123,1,1,768
123,500001,-1.1402325510422,0,769
102,500004,-1.989867854854,1,783
107,500005,-1.1000701925718,1,784
102,123,1,0,785
123,500004,-1.989867854854,1,786
38,500005,0.90670491653188,1,1110
118,500005,0.20789244514298,1,1111
123,124,1,1,1112
124,500001,-1.1402325510422,1,1113
102,124,0.2375,2,0.55401662049861,0.09025,0.44321329639889,0.19,15
88,500003,0.1242602313303,1,345
45,500001,-1.7244788964507,1,346
53,500001,-1.2420422986541,1,765
56,500001,-1.1402325510422,0,766
47,500004,-1.5236671040986,1,767
56,123,1,1,768
123,500001,-1.1402325510422,0,769
102,500004,-1.989867854854,1,783
107,500005,-1.1000701925718,1,784
102,123,1,0,785
123,500004,-1.989867854854,1,786
38,500005,0.90670491653188,1,1110
118,500005,0.20789244514298,1,1111
123,124,1,1,1112
124,500001,-1.1402325510422,1,1113
71,123,0.225625,2,0.52631578947368,0.0857375,0.44321329639889,0.2,9
88,500003,0.1242602313303,1,345
45,500001,-1.7244788964507,1,346
53,500001,-1.2420422986541,1,765
56,500001,-1.1402325510422,0,766
47,500004,-1.5236671040986,1,767
56,123,1,1,768
123,500001,-1.1402325510422,1,769
84,123,-1.9648426770837,1,1114
114,500001,-0.90841395306253,1,1115
98,123,0.225625,2.1052631578947,0.5,0.0857375,0.44321329639889,0.19,9
88,500003,0.1242602313303,1,345
45,500001,-1.7244788964507,1,346
53,500001,-1.2420422986541,1,765
56,500001,-1.1402325510422,0,766
47,500004,-1.5236671040986,1,767
56,123,1,1,768
123,500001,-1.1402325510422,1,769
116,500001,-0.65474410229804,1,1128
18,500004,1.3384807885983,1,1129
105,124,0.225625,2,0.55401662049861,0.095,0.4,0.19,13
88,500003,0.1242602313303,1,345
45,500001,-1.7244788964507,1,346
111,500005,1.6542863246559,1,716
72,500005,0.4879909665212,0,717
53,500001,-1.2420422986541,1,765
56,500001,-1.1402325510422,0,766
47,500004,-1.5236671040986,1,767
56,123,1,1,768
123,500001,-1.1402325510422,1,769
123,123,0.50068666646321,0,1132
12,500002,1.7260658589434,0,1133
123,124,1,1,1134
124,123,0.50068666646321,1,1135
98,124,0.25,2.2160664819944,0.52631578947368,0.09025,0.44321329639889,0.2,11
88,500003,0.1242602313303,1,345
45,500001,-1.7244788964507,0,346
53,500001,-1.2420422986541,1,765
56,500001,-1.1402325510422,0,766
47,500004,-1.5236671040986,1,767
56,123,1,1,768
123,500001,-1.1402325510422,1,769
70,500002,-1.2629169591357,1,1136
91,500003,1.6203497421186,1,1137
45,124,1,1,1138
124,500001,-1.7244788964507,1,1139
98,123,0.25,2,0.52631578947368,0.09025,0.4,0.2,9
88,500003,0.1242602313303,1,345
45,500001,-1.7244788964507,1,346
53,500001,-1.2420422986541,1,765
56,500001,-1.1402325510422,1,766
47,500004,-1.5236671040986,1,767
56,123,1,1,768
123,500001,-1.1402325510422,1,769
41,123,0.55684072389904,1,1152
17,500005,1.4572588274789,1,1153
94,124,0.25,2,0.55401662049861,0.095,0.44321329639889,0.1805,15
88,500003,0.1242602313303,1,345
45,500001,-1.7244788964507,1,346
53,500001,-1.2420422986541,1,765
56,500001,-1.1402325510422,0,766
47,500004,-1.5236671040986,1,767
56,123,1,1,768
123,500001,-1.1402325510422,1,769
102,500004,-1.989867854854,0,783
107,500005,-1.1000701925718,0,784
102,123,1,0,785
123,500004,-1.989867854854,1,786
25,123,-0.4423352763451,1,1173
73,123,-1.2093264564959,1,1174
107,124,1,1,1175
124,500005,-1.1000701925718,1,1176
62,124,0.25,2,0.52631578947368,0.095,0.44321329639889,0.2,11
88,500003,0.1242602313303,1,345
45,500001,-1.7244788964507,1,346
53,500001,-1.2420422986541,0,765
56,500001,-1.1402325510422,0,766
47,500004,-1.5236671040986,1,767
56,123,1,1,768
123,500001,-1.1402325510422,1,769
71,500004,0.69100009155553,1,1193
43,123,-0.93075350199896,1,1194
53,124,1,1,1195
124,500001,-1.2420422986541,1,1196
26,124,0.21434375,2.2160664819944,0.5,0.0857375,0.42105263157895,0.2,10
88,500003,0.1242602313303,1,345
45,500001,-1.7244788964507,1,346
102,500004,-1.989867854854,0,783
107,500005,-1.1000701925718,0,784
102,123,1,1,785
123,500004,-1.989867854854,1,786
39,500003,-0.35786004211554,1,1223
53,500001,0.71407208471938,1,1224
107,124,1,1,1225
124,500005,-1.1000701925718,1,1226
105,532,0,0,7
105,123,0.21434375,2.1052631578947,0.5,0.095,0.42105263157895,0.2,10
88,500003,0.1242602313303,1,345
45,500001,-1.7244788964507,0,346
114,500005,0.15900143436995,1,714
9,500002,-0.025710776085696,1,715
96,500002,-1.7790459913938,1,779
120,500004,-1.1917477950377,1,780
45,123,1,1,781
123,500001,-1.7244788964507,1,782
53,123,1.866451002533,1,1120
85,123,1.5090182195502,1,1121
105,123,0.21434375,2.1052631578947,0.5,0.095,0.42105263157895,0.2,10
88,500003,0.1242602313303,1,345
45,500001,-1.7244788964507,0,346
114,500005,0.15900143436995,1,714
9,500002,-0.025710776085696,1,715
96,500002,-1.7790459913938,1,779
120,500004,-1.1917477950377,1,780
45,123,1,1,781
123,500001,-1.7244788964507,1,782
53,123,1.866451002533,1,1120
85,123,1.5090182195502,1,1121
97,122,0.2375,2.2160664819944,0.52631578947368,0.095,0.4,0.19,7
88,500003,0.1242602313303,1,345
45,500001,-1.7244788964507,1,346
114,500005,0.15900143436995,1,714
9,500002,-0.025710776085696,1,715
46,500003,0.0078737754448075,1,772
106,500005,0.45881527146214,1,1140
89,500001,0.67110202337718,1,1141
0,122,0.2375,2.1052631578947,0.52631578947368,0.1,0.4,0.2,6
88,500003,0.1242602313303,0,345
45,500001,-1.7244788964507,1,346
114,500005,0.15900143436995,1,714
9,500002,-1.7648854029969,1,715
85,500004,1.1109347819452,1,1166
4,500005,0.57808160649434,1,1167
36,124,0.225625,1.9,0.5,0.095,0.42105263157895,0.19,14
88,500003,0.1242602313303,1,345
45,500001,-1.7244788964507,0,346
63,500002,-0.076601458784753,1,732
41,500001,-1.6362193670461,0,733
45,123,1,1,734
123,500001,-1.7244788964507,1,735
96,500002,-1.7790459913938,1,779
120,500004,-1.1917477950377,1,780
45,123,1,1,781
123,500001,-1.7244788964507,1,782
111,500003,-0.23175756096072,1,1177
78,500004,-1.8015076143681,1,1178
41,124,1,1,1179
124,500001,-1.6362193670461,1,1180
98,123,0.225625,1.805,0.5,0.09025,0.44321329639889,0.171475,9
88,500003,0.1242602313303,1,345
45,500001,-1.7244788964507,1,346
46,500003,0.0078737754448075,1,772
96,500002,-1.7790459913938,1,779
120,500004,-1.1917477950377,1,780
45,123,1,1,781
123,500001,-1.6965200430311,1,782
38,500004,-1.4293038727989,1,1183
49,123,0.70296334727012,1,1184
98,123,0.2375,2,0.5,0.09025,0.38,0.19,8
88,500003,0.1242602313303,1,345
45,500001,-1.6936831186865,0,346
96,500002,-1.7790459913938,1,779
120,500004,-1.1917477950377,0,780
45,123,1,1,781
123,500001,-1.7244788964507,1,782
49,500002,-1.7896664326914,1,1235
81,123,1.0743125705741,1,1236
98,124,0.225625,1.9,0.52631578947368,0.095,0.4,0.1805,14
88,500003,0.1242602313303,1,345
45,500001,-1.7244788964507,0,346
20,500005,-1.8083437604907,1,702
31,500005,-1.1589098788415,1,703
88,123,1.0729366435743,0,704
123,500003,0.11439359721671,1,705
96,500002,-1.7790459913938,1,779
120,500004,-1.1917477950377,1,780
45,123,1,1,781
123,500001,-1.7244788964507,1,782
57,500004,-0.59358500930815,1,1259
2,500002,0.50593585009308,1,1260
88,124,1,1,1261
124,123,1,1,1262
105,105,0,0,1
105,123,0.21434375,2.2160664819944,0.52631578947368,0.1,0.42105263157895,0.19,9
88,500003,0.1242602313303,0,345
45,500001,-1.7244788964507,1,346
111,500005,1.6542863246559,1,716
72,500005,0.4879909665212,0,717
46,500003,0.0078737754448075,1,772
16,500002,1.3387249366741,1,1122
5,500003,0.65193639942625,1,1123
88,123,1,1,1124
123,500003,0.1242602313303,1,1125
105,123,0.21434375,2.2160664819944,0.52631578947368,0.1,0.42105263157895,0.19,9
88,500003,0.1242602313303,0,345
45,500001,-1.7244788964507,1,346
111,500005,1.6542863246559,1,716
72,500005,0.4879909665212,0,717
46,500003,0.0078737754448075,1,772
16,500002,1.3387249366741,1,1122
5,500003,0.65193639942625,1,1123
88,123,1,1,1124
123,500003,0.1242602313303,1,1125
98,391,0,0,5
89,123,0.21434375,2,0.5,0.095,0.42105263157895,0.171475,9
88,500003,0.1242602313303,1,345
45,500001,-1.7244788964507,1,346
63,500002,-0.076601458784753,1,732
41,500001,-1.6362193670461,1,733
45,123,1,1,734
123,500001,-1.7244788964507,1,735
46,500003,0.0078737754448075,1,772
70,500001,1.0452589495529,1,1126
104,500002,-0.081802270577105,1,1127
89,123,0.21434375,2,0.5,0.095,0.42105263157895,0.171475,9
88,500003,0.1242602313303,1,345
45,500001,-1.7244788964507,1,346
63,500002,-0.076601458784753,1,732
41,500001,-1.6362193670461,1,733
45,123,1,1,734
123,500001,-1.7244788964507,1,735
46,500003,0.0078737754448075,1,772
70,500001,1.0452589495529,1,1126
104,500002,-0.081802270577105,1,1127
32,123,0.2375,2,0.55401662049861,0.10526315789474,0.44321329639889,0.21052631578947,10
88,500003,0.1242602313303,1,345
45,500001,-1.7244788964507,1,346
114,500005,-0.24727622302927,1,724
20,500001,0.53022858363598,1,725
63,500002,-0.076601458784753,1,732
41,500001,-1.6362193670461,1,733
45,123,1,1,734
123,500001,-1.7244788964507,1,735
92,500004,0.95773186437574,1,1181
18,500001,-0.90963469344157,1,1182
98,124,0.26315789473684,1.9,0.475,0.10526315789474,0.44321329639889,0.2,14
88,500003,0.1242602313303,1,345
45,500001,-1.7244788964507,1,346
63,500002,-0.076601458784753,1,732
41,500001,-1.6362193670461,1,733
45,123,1,1,734
123,500001,-1.7244788964507,0,735
1,500004,-1.3421430097354,0,775
94,500004,-0.4453871272927,0,776
1,123,1,1,777
123,500004,-1.3421430097354,1,778
38,500001,-1.893185216834,1,1189
76,500002,-1.9255348368786,1,1190
123,124,1,1,1191
124,500001,-1.7244788964507,1,1192
74,123,0.2375,2,0.475,0.095,0.4,0.21052631578947,10
88,500003,0.1242602313303,1,345
45,500001,-1.7244788964507,1,346
63,500002,-0.076601458784753,1,732
41,500001,-1.6362193670461,1,733
45,123,1,1,734
123,500001,-1.7244788964507,1,735
110,500001,-1.9918210394604,1,789
28,500005,-0.99215674306467,1,790
91,500004,1.828363902707,1,1227
58,500002,-1.5512558366649,1,1228
98,124,0.225625,2.1052631578947,0.52631578947368,0.09025,0.44321329639889,0.1805,10
88,500003,0.1242602313303,1,345
45,500001,-1.7244788964507,1,346
63,500002,-0.076601458784753,1,732
41,500001,-1.6362193670461,1,733
45,123,1,1,734
123,500001,-1.7244788964507,0,735
25,500005,-1.4997405926695,1,1251
105,500005,-0.21771904660176,1,1252
123,124,1,1,1253
124,500001,-1.7244788964507,1,1254
105,105,0,0,1
105,124,0.21434375,2,0.5,0.09025,0.4,0.21052631578947,12
88,500003,0.1242602313303,1,345
45,500001,-1.7244788964507,1,346
114,500005,0.15900143436995,1,714
9,500002,-0.025710776085696,0,715
74,500003,0.4544206060976,0,736
37,500002,0.90853602710044,1,737
74,123,1,1,738
123,500003,0.4544206060976,1,739
68,500002,-0.36408581804865,1,1142
37,500002,0.0048219244972074,1,1143
9,124,1,0,1144
124,500002,-0.025710776085696,1,1145
105,124,0.21434375,2,0.5,0.09025,0.4,0.21052631578947,12
88,500003,0.1242602313303,1,345
45,500001,-1.7244788964507,1,346
114,500005,0.15900143436995,1,714
9,500002,-0.025710776085696,0,715
74,500003,0.4544206060976,0,736
37,500002,0.90853602710044,1,737
74,123,1,1,738
123,500003,0.4544206060976,1,739
68,500002,-0.36408581804865,1,1142
37,500002,0.0048219244972074,1,1143
9,124,1,0,1144
124,500002,-0.025710776085696,1,1145
98,227,0,0,3
98,123,0.25,1.805,0.475,0.1,0.42105263157895,0.21052631578947,8
88,500003,0.1242602313303,1,345
45,500001,-1.7244788964507,1,346
1,500004,0.20465712454604,1,775
94,500004,-0.4453871272927,0,776
1,123,1,1,777
123,500004,-1.3421430097354,1,778
118,123,1.5025482955412,1,1146
81,500001,-1.5807977538377,1,1147
98,123,0.25,1.805,0.475,0.1,0.42105263157895,0.21052631578947,8
88,500003,0.1242602313303,1,345
45,500001,-1.7244788964507,1,346
1,500004,0.20465712454604,1,775
94,500004,-0.4453871272927,0,776
1,123,1,1,777
123,500004,-1.3421430097354,1,778
118,123,1.5025482955412,1,1146
81,500001,-1.5807977538377,1,1147
68,124,0.2375,2,0.5,0.10526315789474,0.44321329639889,0.2,10
88,500003,0.1242602313303,1,345
45,500001,-1.7244788964507,1,346
1,500004,-1.3421430097354,0,775
94,500004,-0.4453871272927,1,776
1,123,1,1,777
123,500004,-1.3421430097354,0,778
61,500002,1.5573595385601,1,1219
116,500001,-0.99215674306467,1,1220
123,124,1,1,1221
124,500004,-1.3421430097354,1,1222
61,123,0.26315789473684,1.9,0.475,0.095,0.42105263157895,0.19,8
88,500003,0.1242602313303,1,345
45,500001,-1.7244788964507,1,346
1,500004,-1.3421430097354,0,775
94,500004,-0.4453871272927,0,776
1,123,1,1,777
123,500004,-1.3421430097354,1,778
73,123,0.47309793389691,0,1229
72,500004,0.92623676259651,1,1230
82,82,0,0,1
82,123,0.2375,1.9,0.55401662049861,0.1,0.44321329639889,0.19,7
88,500003,0.1242602313303,1,345
45,500001,-1.7244788964507,0,346
46,500003,0.0078737754448075,1,772
87,500001,0.49226355784783,1,1148
106,500003,0.98934904019288,1,1149
45,123,1,1,1150
123,500001,-1.7244788964507,1,1151
82,123,0.2375,1.9,0.55401662049861,0.1,0.44321329639889,0.19,7
88,500003,0.1242602313303,1,345
45,500001,-1.7244788964507,0,346
46,500003,0.0078737754448075,1,772
87,500001,0.49226355784783,1,1148
106,500003,0.98934904019288,1,1149
45,123,1,1,1150
123,500001,-1.7244788964507,1,1151
98,318,0,0,4
29,124,0.2375,1.9,0.45125,0.1,0.42105263157895,0.1805,14
88,500003,0.1242602313303,1,345
45,500001,-1.7244788964507,1,346
113,500005,-0.28156376842555,1,761
68,500001,-0.94308297982727,0,762
113,123,1,1,763
123,500005,-0.28156376842555,1,764
102,500004,-1.989867854854,1,783
107,500005,-1.1000701925718,1,784
102,123,1,0,785
123,500004,-1.989867854854,1,786
92,500003,-0.5554979094821,1,1156
106,500001,1.4543290505692,1,1157
113,124,1,1,1158
124,500005,-0.28156376842555,0,1159
29,124,0.2375,1.9,0.45125,0.1,0.42105263157895,0.1805,14
88,500003,0.1242602313303,1,345
45,500001,-1.7244788964507,1,346
113,500005,-0.28156376842555,1,761
68,500001,-0.94308297982727,0,762
113,123,1,1,763
123,500005,-0.28156376842555,1,764
102,500004,-1.989867854854,1,783
107,500005,-1.1000701925718,1,784
102,123,1,0,785
123,500004,-1.989867854854,1,786
92,500003,-0.5554979094821,1,1156
106,500001,1.4543290505692,1,1157
113,124,1,1,1158
124,500005,-0.28156376842555,0,1159
98,123,0.21434375,2,0.52631578947368,0.09025,0.38,0.19,10
88,500003,0.1242602313303,1,345
45,500001,-1.7244788964507,1,346
114,500005,0.15900143436995,1,714
9,500002,-0.025710776085696,1,715
113,500005,-0.28156376842555,0,761
68,500001,-0.94308297982727,0,762
113,123,1,1,763
123,500005,-0.28156376842555,1,764
42,500005,-0.405590990936,1,1160
54,500005,1.3487350077822,1,1161
98,123,0.225625,2.1052631578947,0.45125,0.1,0.44321329639889,0.1805,8
88,500003,0.1242602313303,1,345
45,500001,-1.7244788964507,1,346
113,500005,-0.28156376842555,0,761
68,500001,-0.94308297982727,1,762
113,123,1,1,763
123,500005,-0.28156376842555,0,764
8,500002,0.52815332499161,1,1233
92,500004,-0.97701956236457,1,1234
93,124,0.25,1.9,0.5,0.1,0.44321329639889,0.171475,10
88,500003,0.1242602313303,1,345
45,500001,-1.7244788964507,0,346
113,500005,-0.28156376842555,0,761
68,500001,-0.94308297982727,0,762
113,123,1,1,763
123,500005,-0.28156376842555,1,764
18,123,1.671987060152,0,1237
38,500002,1.2553483687857,1,1238
18,124,0.95387127292703,1,1239
124,123,1.671987060152,1,1240
98,196,0,0,2
98,124,0.225625,1.9,0.5,0.09025,0.42105263157895,0.1805,11
88,500003,0.1242602313303,1,345
45,500001,-1.7244788964507,1,346
114,500005,-0.24727622302927,1,724
20,500001,0.53022858363598,1,725
79,500005,-0.76229132969146,0,743
45,500003,0.55134739219337,0,744
79,123,1,1,745
123,500005,-0.76229132969146,1,746
55,123,1.1283913693655,0,1168
55,124,1,1,1169
124,123,1.1283913693655,1,1170
98,124,0.225625,1.9,0.5,0.09025,0.42105263157895,0.1805,11
88,500003,0.1242602313303,1,345
45,500001,-1.7244788964507,1,346
114,500005,-0.24727622302927,1,724
20,500001,0.53022858363598,1,725
79,500005,-0.76229132969146,0,743
45,500003,0.55134739219337,0,744
79,123,1,1,745
123,500005,-0.76229132969146,1,746
55,123,1.1283913693655,0,1168
55,124,1,1,1169
124,123,1.1283913693655,1,1170
98,122,0.25,2,0.5,0.095,0.42105263157895,0.21052631578947,6
88,500003,0.1242602313303,1,345
45,500001,-1.7244788964507,1,346
114,500005,-0.24727622302927,1,724
20,500001,0.53022858363598,1,725
23,500005,0.49214148380993,1,1241
67,500005,0.090395825067904,1,1242
105,105,0,0,1
105,123,0.21434375,2,0.55401662049861,0.1,0.4,0.2,8
88,500003,0.1242602313303,1,345
45,500001,-1.7244788964507,0,346
114,500005,0.15900143436995,1,714
9,500002,-0.025710776085696,1,715
89,500005,-1.9385967589343,1,1201
80,500004,-1.3034455397198,1,1202
45,123,1,1,1203
123,500001,-1.7244788964507,1,1204
105,123,0.21434375,2,0.55401662049861,0.1,0.4,0.2,8
88,500003,0.1242602313303,1,345
45,500001,-1.7244788964507,0,346
114,500005,0.15900143436995,1,714
9,500002,-0.025710776085696,1,715
89,500005,-1.9385967589343,1,1201
80,500004,-1.3034455397198,1,1202
45,123,1,1,1203
123,500001,-1.7244788964507,1,1204
98,98,0,0,1
98,124,0.21434375,2,0.55401662049861,0.095,0.42105263157895,0.19,12
88,500003,0.1242602313303,0,345
45,500001,-1.7244788964507,1,346
114,500005,0.15900143436995,1,714
9,500002,-0.025710776085696,1,715
113,500005,-0.28156376842555,0,761
68,500001,-0.94308297982727,1,762
113,123,1,1,763
123,500005,-0.28156376842555,1,764
48,500004,1.2304452650533,1,1211
19,123,-1.8061464278085,1,1212
88,124,1,1,1213
124,500003,0.1242602313303,1,1214
98,124,0.21434375,2,0.55401662049861,0.095,0.42105263157895,0.19,12
88,500003,0.1242602313303,0,345
45,500001,-1.7244788964507,1,346
114,500005,0.15900143436995,1,714
9,500002,-0.025710776085696,1,715
113,500005,-0.28156376842555,0,761
68,500001,-0.94308297982727,1,762
113,123,1,1,763
123,500005,-0.28156376842555,1,764
48,500004,1.2304452650533,1,1211
19,123,-1.8061464278085,1,1212
88,124,1,1,1213
124,500003,0.1242602313303,1,1214
98,98,0,0,1
98,122,0.25,2,0.5,0.09025,0.44321329639889,0.2,4
88,500003,0.1242602313303,1,345
45,500001,-1.7244788964507,1,346
67,500004,-1.0142521439253,1,1217
67,500003,1.8082216864528,1,1218
98,122,0.25,2,0.5,0.09025,0.44321329639889,0.2,4
88,500003,0.1242602313303,1,345
45,500001,-1.7244788964507,1,346
67,500004,-1.0142521439253,1,1217
67,500003,1.8082216864528,1,1218
98,98,0,0,1
98,122,0.225625,2.1052631578947,0.475,0.1,0.4,0.1805,4
88,500003,0.1242602313303,1,345
45,500001,-1.7244788964507,1,346
24,500002,-0.78402050843837,1,1231
15,500001,-1.8150578325755,1,1232
98,122,0.225625,2.1052631578947,0.475,0.1,0.4,0.1805,4
88,500003,0.1242602313303,1,345
45,500001,-1.7244788964507,1,346
24,500002,-0.78402050843837,1,1231
15,500001,-1.8150578325755,1,1232
82,82,0,0,1
82,123,0.21434375,2,0.52631578947368,0.1,0.42105263157895,0.19,8
88,500003,0.1242602313303,1,345
45,500001,-1.7244788964507,1,346
111,500005,1.6542863246559,1,716
72,500005,0.4879909665212,0,717
79,500005,0.94369335001679,1,1243
100,500001,0.87557603686636,1,1244
72,123,1,1,1245
123,500005,0.4879909665212,1,1246
82,123,0.21434375,2,0.52631578947368,0.1,0.42105263157895,0.19,8
88,500003,0.1242602313303,1,345
45,500001,-1.7244788964507,1,346
111,500005,1.6542863246559,1,716
72,500005,0.4879909665212,0,717
79,500005,0.94369335001679,1,1243
100,500001,0.87557603686636,1,1244
72,123,1,1,1245
123,500005,0.4879909665212,1,1246
105,105,0,0,1
105,124,0.2375,2.1052631578947,0.55401662049861,0.1,0.4,0.2,12
88,500003,0.1242602313303,1,345
45,500001,-1.7244788964507,1,346
111,500005,1.6542863246559,1,716
72,500005,0.4879909665212,0,717
74,500003,0.4544206060976,1,736
37,500002,0.90853602710044,1,737
74,123,1,1,738
123,500003,0.4544206060976,1,739
91,123,0.06610309152501,1,1255
3,123,0.9932554094058,0,1256
3,124,1,1,1257
124,123,0.9932554094058,1,1258
105,124,0.2375,2.1052631578947,0.55401662049861,0.1,0.4,0.2,12
88,500003,0.1242602313303,1,345
45,500001,-1.7244788964507,1,346
111,500005,1.6542863246559,1,716
72,500005,0.4879909665212,0,717
74,500003,0.4544206060976,1,736
37,500002,0.90853602710044,1,737
74,123,1,1,738
123,500003,0.4544206060976,1,739
91,123,0.06610309152501,1,1255
3,123,0.9932554094058,0,1256
3,124,1,1,1257
124,123,0.9932554094058,1,1258
105,630,0,0,6
105,123,0.2375,2,0.5,0.10526315789474,0.361,0.1805,6
77,500003,1.6467177343059,1,167
64,500004,1.9973143711661,0,168
13,500002,0.1178624835963,1,863
59,500005,1.8458204901273,1,864
64,123,1,1,865
123,500004,1.9973143711661,1,866
105,123,0.2375,2,0.5,0.10526315789474,0.361,0.1805,6
77,500003,1.6467177343059,1,167
64,500004,1.9973143711661,0,168
13,500002,0.1178624835963,1,863
59,500005,1.8458204901273,1,864
64,123,1,1,865
123,500004,1.9973143711661,1,866
105,123,0.225625,2.1052631578947,0.52631578947368,0.11080332409973,0.38,0.1805,10
77,500003,1.6467177343059,1,167
64,500004,1.9973143711661,1,168
13,500004,-0.043397320474868,1,793
7,500001,0.225043488876,1,794
13,500002,0.1178624835963,1,863
59,500005,1.8458204901273,1,864
64,123,1,1,865
123,500004,1.9973143711661,1,866
36,500002,-0.3933835871456,1,1269
118,500003,1.3397015289773,1,1270
105,123,0.25,2.1052631578947,0.52631578947368,0.10526315789474,0.38,0.1805,10
77,500003,1.6467177343059,1,167
64,500004,1.9973143711661,0,168
18,500003,0.067567979979858,1,851
18,500005,-0.38959929197058,1,852
13,500002,0.1178624835963,1,863
59,500005,1.8458204901273,1,864
64,123,1,1,865
123,500004,1.9973143711661,1,866
13,123,0.23187963499863,1,1277
99,500005,-1.7099520859401,1,1278
105,124,0.25,2,0.475,0.10526315789474,0.361,0.1805,10
77,500003,1.6467177343059,1,167
64,500004,1.9973143711661,0,168
13,500002,0.1178624835963,1,863
59,500005,1.8458204901273,1,864
64,123,1,1,865
123,500004,1.9973143711661,1,866
77,500003,0.37250892666402,1,1290
24,500005,-1.0739463484603,1,1291
64,124,1,1,1292
124,500004,1.9973143711661,0,1293
105,123,0.225625,2,0.5,0.10526315789474,0.361,0.171475,9
77,500003,1.6467177343059,1,167
64,500004,1.9973143711661,1,168
13,500002,0.1178624835963,1,863
59,500005,1.8458204901273,1,864
64,123,1,1,865
123,500004,1.9973143711661,1,866
66,500001,0.684041871395,0,867
50,123,-0.44245735038301,1,1365
12,500004,-1.3526413769951,1,1366
105,123,0.25,1.9,0.475,0.10526315789474,0.34295,0.1805,10
77,500003,1.6467177343059,1,167
64,500004,1.9973143711661,0,168
73,500001,-1.1995605334635,1,855
101,500002,-1.9508041627247,1,856
13,500002,0.1178624835963,1,863
59,500005,1.8458204901273,1,864
64,123,1,1,865
123,500004,1.9772588917283,1,866
110,500003,1.5671254615925,1,1369
107,500003,0.87960448011719,1,1370
98,686,0,0,7
98,122,0.225625,1.9,0.52631578947368,0.11080332409972,0.38,0.1805,6
77,500003,1.6467177343059,1,167
64,500004,1.9973143711661,1,168
57,500002,0.23901504849949,1,837
52,500001,-1.4450514236885,1,838
89,500005,-1.075655384991,1,1267
24,500003,1.587801286799,1,1268
98,122,0.225625,1.9,0.52631578947368,0.11080332409972,0.38,0.1805,6
77,500003,1.6467177343059,1,167
64,500004,1.9973143711661,1,168
57,500002,0.23901504849949,1,837
52,500001,-1.4450514236885,1,838
89,500005,-1.075655384991,1,1267
24,500003,1.587801286799,1,1268
98,122,0.2375,1.9,0.5,0.11663507799971,0.361,0.1805,6
77,500003,1.6467177343059,1,167
64,500004,1.9973143711661,1,168
57,500002,0.23901504849949,1,837
52,500001,-1.4450514236885,1,838
6,500003,1.4492019409772,1,1271
17,500001,-1.1488998077334,1,1272
98,123,0.25,1.805,0.475,0.1,0.361,0.19,10
77,500003,1.6467177343059,1,167
64,500004,1.9973143711661,1,168
57,500002,0.23901504849949,1,837
52,500001,-1.4450514236885,1,838
102,500002,-0.60408337656789,0,859
51,500002,-0.90023499252297,1,860
50,500001,-0.80831324198126,1,1273
23,500004,-1.4610431226539,1,1274
102,123,1,1,1275
123,500002,-0.60408337656789,1,1276
98,124,0.225625,1.9,0.52631578947368,0.11663507799971,0.361,0.2,12
77,500003,1.6467177343059,1,167
64,500004,1.9973143711661,1,168
57,500002,0.23901504849949,0,837
52,500001,-1.4450514236885,1,838
89,500005,1.4959562974944,1,843
85,500005,-1.2343516342662,1,844
64,123,1,1,845
123,500004,1.9973143711661,1,846
121,500001,1.5831171605579,1,1294
43,500005,0.66048158207953,1,1295
57,124,1,1,1296
124,500002,0.23901504849949,1,1297
98,123,0.225625,1.9,0.475,0.11080332409972,0.361,0.1805,8
77,500003,1.6467177343059,1,167
64,500004,1.9973143711661,1,168
57,500002,0.23901504849949,0,837
52,500001,-1.4450514236885,1,838
44,500005,-0.47370830408643,0,1327
41,500004,1.5501571703238,1,1328
57,123,1,1,1329
123,500002,0.23901504849949,1,1330
98,122,0.25,2.1052631578947,0.52631578947368,0.11663507799971,0.34295,0.19,6
77,500003,1.6467177343059,1,167
64,500004,1.9973143711661,1,168
57,500002,0.21917779486955,1,837
52,500001,-1.4450514236885,1,838
41,500003,-0.5586718344676,1,1371
92,500001,-1.6174199652089,1,1372
98,122,0.25,2,0.52631578947368,0.10526315789474,0.4,0.19,6
77,500003,1.6467177343059,1,167
64,500004,1.9973143711661,1,168
57,500002,0.23901504849949,1,837
52,500001,-1.4450514236885,1,838
10,500004,1.9301736503189,1,1398
85,500003,-1.1598511339232,1,1399
98,784,0,0,8
98,123,0.26315789473684,1.9,0.5,0.1,0.38,0.19,8
77,500003,1.6467177343059,1,167
64,500004,1.9973143711661,0,168
46,500004,0.32819605090487,1,872
70,500003,1.0196234015931,1,873
64,123,1.0796075319681,0,874
123,500004,1.9973143711661,1,875
44,500001,-0.086245307779168,1,1279
86,500005,0.68453016754662,1,1280
98,123,0.26315789473684,1.9,0.5,0.1,0.38,0.19,8
77,500003,1.6467177343059,1,167
64,500004,1.9973143711661,0,168
46,500004,0.32819605090487,1,872
70,500003,1.0196234015931,1,873
64,123,1.0796075319681,0,874
123,500004,1.9973143711661,1,875
44,500001,-0.086245307779168,1,1279
86,500005,0.68453016754662,1,1280
98,123,0.2375,1.9,0.5,0.11080332409973,0.361,0.19,10
77,500003,1.6467177343059,1,167
64,500004,1.9451471638878,0,168
54,500005,-0.59956663716544,1,868
45,500001,1.6238898892178,1,869
46,500004,0.32819605090487,1,872
70,500003,1.0196234015931,1,873
64,123,1,0,874
123,500004,1.9973143711661,1,875
10,500003,-1.4286935026093,1,1309
35,500004,-0.24372081667531,1,1310
98,123,0.2375,2,0.52631578947368,0.1,0.361,0.1805,9
77,500003,1.5596087527086,1,167
64,500004,1.9973143711661,1,168
66,500001,0.684041871395,0,867
46,500004,0.32819605090487,1,872
70,500003,1.0196234015931,1,873
64,123,1,0,874
123,500004,1.9973143711661,1,875
92,123,-1.4766685995056,1,1335
11,500003,0.27582628864406,1,1336
98,124,0.2375,2,0.58317538999855,0.10526315789473,0.4,0.21052631578947,12
77,500003,1.6467177343059,1,167
64,500004,1.9973143711661,1,168
42,500005,1.8851283303323,1,853
110,500001,0.17011017181921,0,854
46,500004,0.32819605090487,1,872
70,500003,1.0196234015931,1,873
64,123,1,0,874
123,500004,1.9973143711661,1,875
35,500003,1.1651356547746,1,1339
46,500005,0.97738578447829,1,1340
110,124,1,1,1341
124,500001,0.17011017181921,1,1342
98,124,0.25,2.1052631578947,0.52631578947368,0.11080332409973,0.4,0.1805,12
77,500003,1.6467177343059,1,167
64,500004,1.9973143711661,1,168
54,500005,-0.59956663716544,1,868
45,500001,1.6238898892178,1,869
46,500004,0.32819605090487,1,872
70,500003,1.0196234015931,1,873
64,123,1,0,874
123,500004,1.9973143711661,1,875
47,500004,1.4102603228858,0,1353
8,500004,-0.55049287392804,1,1354
47,124,1,1,1355
124,500004,1.4102603228858,1,1356
98,124,0.2375,2.1052631578947,0.5,0.1,0.361,0.171475,10
77,500003,1.6467177343059,1,167
64,500004,1.9973143711661,0,168
46,500004,0.32819605090487,0,872
70,500003,1.1118472853786,0,873
64,123,1,0,874
123,500004,1.9973143711661,1,875
86,500004,0.57332071901608,1,1357
7,500001,1.8089541306803,1,1358
46,124,1,1,1359
124,500004,0.32819605090487,1,1360
98,124,0.225625,1.9,0.52631578947369,0.10526315789473,0.38,0.21052631578947,12
77,500003,1.6467177343059,1,167
64,500004,1.9973143711661,1,168
42,500005,1.8851283303323,1,853
110,500001,0.17011017181921,1,854
46,500004,0.32819605090487,1,872
70,500003,1.0196234015931,1,873
64,123,1,0,874
123,500004,1.9973143711661,1,875
7,500002,-1.533433027131,1,1377
123,500004,-1.8366649372845,1,1378
64,124,1,1,1379
124,123,1,0,1380
98,124,0.25,1.9,0.55401662049862,0.10526315789474,0.38,0.2,12
77,500003,1.6467177343059,1,167
64,500004,1.9973143711661,1,168
77,500005,-0.89144566179388,0,833
83,500005,1.373149815363,1,834
46,500004,0.32819605090487,1,872
70,500003,1.0196234015931,1,873
64,123,1,0,874
123,500004,1.9973143711661,1,875
39,123,-1.1779534287545,1,1382
36,500005,1.3699758903775,1,1383
77,124,1,1,1384
124,500005,-0.89144566179388,1,1385
98,285,0,0,3
98,123,0.2375,2,0.52631578947368,0.1,0.4,0.19,10
77,500003,1.6467177343059,0,167
64,500004,1.9973143711661,1,168
34,500004,0.4452650532548,1,857
85,500002,-0.072328867458113,1,858
54,500005,-0.59956663716544,1,868
45,500001,1.6238898892178,1,869
52,500004,-1.9143040253914,1,1282
54,500001,0.025208288827174,1,1283
77,123,1,1,1284
123,500003,1.6467177343059,1,1285
98,123,0.2375,2,0.52631578947368,0.1,0.4,0.19,10
77,500003,1.6467177343059,0,167
64,500004,1.9973143711661,1,168
34,500004,0.4452650532548,1,857
85,500002,-0.072328867458113,1,858
54,500005,-0.59956663716544,1,868
45,500001,1.6238898892178,1,869
52,500004,-1.9143040253914,1,1282
54,500001,0.025208288827174,1,1283
77,123,1,1,1284
123,500003,1.6467177343059,1,1285
98,122,0.225625,1.805,0.52631578947368,0.1,0.361,0.2,6
77,500003,1.6467177343059,1,167
64,500004,1.9973143711661,1,168
34,500004,0.4452650532548,1,857
85,500002,-0.14322031311991,1,858
98,500004,-0.60591448713645,1,1367
59,500005,-0.50532547990356,1,1368
89,122,0.225625,1.805,0.5,0.11080332409972,0.38,0.19,7
77,500003,1.6467177343059,1,167
64,500004,1.9973143711661,1,168
73,500001,-1.1995605334635,1,855
101,500002,-1.9508041627247,1,856
54,500005,-0.59956663716544,0,868
45,500001,1.6238898892178,1,869
71,500001,1.5944700460829,1,1381
98,408,0,0,5
25,124,0.26315789473684,1.805,0.5,0.1,0.4,0.2,12
77,500003,1.6467177343059,1,167
64,500004,1.9973143711661,0,168
89,500005,1.4959562974944,1,843
85,500005,-1.2343516342662,1,844
64,123,1,1,845
123,500004,1.9973143711661,0,846
101,500001,-0.48509475997192,1,847
113,500004,1.4922940763573,0,848
9,500001,-0.79634998626667,1,1286
97,500003,-1.6652729880673,1,1287
64,124,1,1,1288
124,500004,1.9973143711661,1,1289
25,124,0.26315789473684,1.805,0.5,0.1,0.4,0.2,12
77,500003,1.6467177343059,1,167
64,500004,1.9973143711661,0,168
89,500005,1.4959562974944,1,843
85,500005,-1.2343516342662,1,844
64,123,1,1,845
123,500004,1.9973143711661,0,846
101,500001,-0.48509475997192,1,847
113,500004,1.4922940763573,0,848
9,500001,-0.79634998626667,1,1286
97,500003,-1.6652729880673,1,1287
64,124,1,1,1288
124,500004,1.9973143711661,1,1289
98,122,0.25,1.9,0.5,0.11080332409973,0.4,0.21052631578947,5
77,500003,1.6467177343059,1,167
64,500004,1.9973143711661,1,168
101,500001,-0.51155125583666,1,847
113,500004,1.4922940763573,0,848
36,500004,0.98764000366222,1,1298
98,124,0.26315789473684,1.9,0.5,0.1,0.38,0.19,10
77,500003,1.6467177343059,1,167
64,500004,1.9973143711661,0,168
89,500005,1.4959562974944,1,843
85,500005,-1.2343516342662,0,844
64,123,1,1,845
123,500004,1.9973143711661,1,846
76,123,0.62422559282205,1,1303
52,500005,0.41584521011994,1,1304
85,124,1,1,1305
124,500005,-1.2343516342662,1,1306
98,123,0.25,1.9,0.5,0.1,0.38,0.21052631578947,10
77,500003,1.6467177343059,1,167
64,500004,1.9973143711661,1,168
89,500005,1.4959562974944,1,843
85,500005,-1.2343516342662,1,844
64,123,1,1,845
123,500004,1.9973143711661,1,846
101,500001,-0.51155125583666,1,847
113,500004,1.4922940763573,0,848
123,500002,-0.52607806634724,1,1307
52,500002,0.32172612689596,1,1308
89,123,0.2375,1.9,0.55401662049861,0.1,0.361,0.1805,8
77,500003,1.6467177343059,1,167
64,500004,1.9973143711661,1,168
89,500005,1.4959562974944,1,843
85,500005,-1.2343516342662,1,844
64,123,1,1,845
123,500004,1.9973143711661,1,846
77,500004,-0.69539475692007,1,1396
32,500002,1.0075380718406,1,1397
98,98,0,0,1
98,123,0.25,1.9,0.475,0.11080332409973,0.38,0.171475,10
77,500003,1.6467177343059,1,167
64,500004,1.9973143711661,1,168
45,500003,1.5466170232246,1,849
14,500003,0.59614856410413,0,850
102,500002,-0.60408337656789,0,859
51,500002,-0.90023499252297,1,860
32,500001,-1.0854213080233,1,1299
24,500005,1.0531937620167,1,1300
14,123,1,1,1301
123,500003,0.61065880500845,1,1302
98,123,0.25,1.9,0.475,0.11080332409973,0.38,0.171475,10
77,500003,1.6467177343059,1,167
64,500004,1.9973143711661,1,168
45,500003,1.5466170232246,1,849
14,500003,0.59614856410413,0,850
102,500002,-0.60408337656789,0,859
51,500002,-0.90023499252297,1,860
32,500001,-1.0854213080233,1,1299
24,500005,1.0531937620167,1,1300
14,123,1,1,1301
123,500003,0.61065880500845,1,1302
98,98,0,0,1
98,124,0.26315789473684,1.805,0.5,0.11663507799971,0.361,0.1805,12
77,500003,1.6467177343059,0,167
64,500004,1.9973143711661,1,168
13,500004,-0.043397320474868,1,793
7,500001,0.225043488876,1,794
89,500005,1.4959562974944,1,843
85,500005,-1.2343516342662,1,844
64,123,1,1,845
123,500004,1.9973143711661,1,846
95,500005,-0.44355601672414,1,1311
53,500004,0.93966490676595,1,1312
77,124,1,1,1313
124,500003,1.6467177343059,1,1314
98,124,0.26315789473684,1.805,0.5,0.11663507799971,0.361,0.1805,12
77,500003,1.6467177343059,0,167
64,500004,1.9973143711661,1,168
13,500004,-0.043397320474868,1,793
7,500001,0.225043488876,1,794
89,500005,1.4959562974944,1,843
85,500005,-1.2343516342662,1,844
64,123,1,1,845
123,500004,1.9973143711661,1,846
95,500005,-0.44355601672414,1,1311
53,500004,0.93966490676595,1,1312
77,124,1,1,1313
124,500003,1.6467177343059,1,1314
98,196,0,0,3
98,123,0.2375,2,0.52631578947369,0.10526315789473,0.361,0.19,10
77,500003,1.6467177343059,1,167
64,500004,1.9973143711661,1,168
101,500001,-0.51155125583666,1,847
113,500004,1.4922940763573,0,848
42,500005,1.8851283303323,1,853
110,500001,0.17011017181921,1,854
23,500002,-1.1762443922239,1,1315
22,500002,-1.7382732627338,0,1316
22,123,1,1,1317
123,500002,-1.7382732627338,1,1318
98,123,0.2375,2,0.52631578947369,0.10526315789473,0.361,0.19,10
77,500003,1.6467177343059,1,167
64,500004,1.9973143711661,1,168
101,500001,-0.51155125583666,1,847
113,500004,1.4922940763573,0,848
42,500005,1.8851283303323,1,853
110,500001,0.17011017181921,1,854
23,500002,-1.1762443922239,1,1315
22,500002,-1.7382732627338,0,1316
22,123,1,1,1317
123,500002,-1.7382732627338,1,1318
98,122,0.21434375,2,0.52631578947369,0.10526315789473,0.38,0.2,6
77,500003,1.6467177343059,1,167
64,500004,1.9973143711661,1,168
42,500005,1.8851283303323,1,853
110,500001,0.17011017181921,1,854
77,500004,-1.9711905270547,1,1319
32,500002,1.81188390759,1,1320
0,122,0.225625,2,0.52631578947369,0.10526315789473,0.361,0.2,6
77,500003,1.6467177343059,1,167
64,500004,1.9973143711661,1,168
42,500005,1.8851283303323,1,853
110,500001,0.17011017181921,0,854
36,500002,0.10040589617603,1,1337
99,500003,-1.7307046723838,1,1338
98,98,0,0,1
98,123,0.225625,1.9,0.52631578947369,0.11663507799971,0.361,0.21052631578947,8
77,500003,1.6882253988634,1,167
64,500004,1.9973143711661,1,168
42,500005,1.8851283303323,1,853
110,500001,0.17011017181921,1,854
53,500001,1.8998992889187,0,1321
10,500001,1.6591692861721,1,1322
53,123,1,1,1323
123,500001,1.8998992889187,1,1324
98,123,0.225625,1.9,0.52631578947369,0.11663507799971,0.361,0.21052631578947,8
77,500003,1.6882253988634,1,167
64,500004,1.9973143711661,1,168
42,500005,1.8851283303323,1,853
110,500001,0.17011017181921,1,854
53,500001,1.8998992889187,0,1321
10,500001,1.6591692861721,1,1322
53,123,1,1,1323
123,500001,1.8998992889187,1,1324
98,98,0,0,1
98,122,0.2375,1.805,0.52631578947368,0.11080332409973,0.4,0.1805,4
77,500003,1.6467177343059,1,167
64,500004,1.9973143711661,1,168
25,500001,-1.2283700064089,1,1325
25,500005,0.37397381511887,1,1326
98,122,0.2375,1.805,0.52631578947368,0.11080332409973,0.4,0.1805,4
77,500003,1.6467177343059,1,167
64,500004,1.9973143711661,1,168
25,500001,-1.2283700064089,1,1325
25,500005,0.37397381511887,1,1326
98,98,0,0,1
98,123,0.25,1.9,0.52631578947368,0.1,0.38,0.19,8
77,500003,1.6467177343059,1,167
64,500004,1.9973143711661,1,168
102,500002,-0.60408337656789,0,859
51,500002,-0.82518082216865,1,860
112,500004,-0.52607806634724,1,1331
35,500002,-0.70174260689108,0,1332
35,123,1,1,1333
123,500002,-0.70174260689108,1,1334
98,123,0.25,1.9,0.52631578947368,0.1,0.38,0.19,8
77,500003,1.6467177343059,1,167
64,500004,1.9973143711661,1,168
102,500002,-0.60408337656789,0,859
51,500002,-0.82518082216865,1,860
112,500004,-0.52607806634724,1,1331
35,500002,-0.70174260689108,0,1332
35,123,1,1,1333
123,500002,-0.70174260689108,1,1334
98,98,0,0,1
98,122,0.225625,1.805,0.5,0.095,0.38,0.1805,8
77,500003,1.6467177343059,1,167
64,500004,1.9973143711661,1,168
42,500005,1.8851283303323,1,853
110,500001,0.17011017181921,1,854
34,500004,0.4452650532548,1,857
85,500002,-0.072328867458113,1,858
51,500004,-0.22907193212683,1,1343
17,500003,1.359318979461,1,1344
98,122,0.225625,1.805,0.5,0.095,0.38,0.1805,8
77,500003,1.6467177343059,1,167
64,500004,1.9973143711661,1,168
42,500005,1.8851283303323,1,853
110,500001,0.17011017181921,1,854
34,500004,0.4452650532548,1,857
85,500002,-0.072328867458113,1,858
51,500004,-0.22907193212683,1,1343
17,500003,1.359318979461,1,1344
98,98,0,0,1
98,123,0.225625,1.805,0.52631578947368,0.10526315789474,0.4,0.1805,8
77,500003,1.6467177343059,1,167
64,500004,1.9973143711661,1,168
34,500004,0.4452650532548,0,857
85,500002,-0.072328867458113,0,858
66,500005,0.61091952269051,1,1345
28,500003,1.8632770775475,1,1346
34,123,1,1,1347
123,500004,0.4452650532548,1,1348
98,123,0.225625,1.805,0.52631578947368,0.10526315789474,0.4,0.1805,8
77,500003,1.6467177343059,1,167
64,500004,1.9973143711661,1,168
34,500004,0.4452650532548,0,857
85,500002,-0.072328867458113,0,858
66,500005,0.61091952269051,1,1345
28,500003,1.8632770775475,1,1346
34,123,1,1,1347
123,500004,0.4452650532548,1,1348
94,94,0,0,1
94,123,0.25,1.805,0.52631578947368,0.11080332409973,0.38,0.2,8
77,500003,1.6467177343059,1,167
64,500004,1.9973143711661,1,168
34,500004,0.4452650532548,1,857
85,500002,-0.072328867458113,1,858
113,500001,0.65889461958678,0,1349
19,500002,-1.553697317423,1,1350
113,123,1,1,1351
123,500001,0.65889461958678,1,1352
94,123,0.25,1.805,0.52631578947368,0.11080332409973,0.38,0.2,8
77,500003,1.6467177343059,1,167
64,500004,1.9973143711661,1,168
34,500004,0.4452650532548,1,857
85,500002,-0.072328867458113,1,858
113,500001,0.65889461958678,0,1349
19,500002,-1.553697317423,1,1350
113,123,1,1,1351
123,500001,0.65889461958678,1,1352
98,98,0,0,1
98,123,0.2375,2,0.52631578947368,0.095,0.361,0.19,8
77,500003,1.6467177343059,0,167
64,500004,1.9973143711661,1,168
34,500004,0.4452650532548,1,857
85,500002,-0.072328867458113,1,858
16,500004,-0.47639393292032,1,1361
64,500005,0.36774803918577,1,1362
77,123,1,1,1363
123,500003,1.6467177343059,1,1364
98,123,0.2375,2,0.52631578947368,0.095,0.361,0.19,8
77,500003,1.6467177343059,0,167
64,500004,1.9973143711661,1,168
34,500004,0.4452650532548,1,857
85,500002,-0.072328867458113,1,858
16,500004,-0.47639393292032,1,1361
64,500005,0.36774803918577,1,1362
77,123,1,1,1363
123,500003,1.6467177343059,1,1364
98,98,0,0,1
98,123,0.225625,1.9,0.52631578947368,0.10526315789473,0.4,0.1805,8
77,500003,1.6467177343059,0,167
64,500004,1.9973143711661,1,168
18,500003,0.067567979979858,1,851
18,500005,-0.38959929197058,0,852
42,500004,0.41352580339976,1,1373
76,500005,0.7299417096469,1,1374
77,123,1,1,1375
123,500003,1.6467177343059,1,1376
98,123,0.225625,1.9,0.52631578947368,0.10526315789473,0.4,0.1805,8
77,500003,1.6467177343059,0,167
64,500004,1.9973143711661,1,168
18,500003,0.067567979979858,1,851
18,500005,-0.38959929197058,0,852
42,500004,0.41352580339976,1,1373
76,500005,0.7299417096469,1,1374
77,123,1,1,1375
123,500003,1.6467177343059,1,1376
98,98,0,0,1
98,122,0.26315789473684,1.9,0.58317538999855,0.11080332409972,0.42105263157895,0.1805,5
77,500003,1.6467177343059,1,167
64,500004,1.9973143711661,1,168
66,500001,0.684041871395,0,867
48,500003,1.9208960234382,1,1386
77,500002,-0.27985473189489,1,1387
98,122,0.26315789473684,1.9,0.58317538999855,0.11080332409972,0.42105263157895,0.1805,5
77,500003,1.6467177343059,1,167
64,500004,1.9973143711661,1,168
66,500001,0.684041871395,0,867
48,500003,1.9208960234382,1,1386
77,500002,-0.27985473189489,1,1387
2,2,0,0,1
2,123,0.2375,2,0.52631578947368,0.1,0.42105263157895,0.2,8
77,500003,1.6467177343059,1,167
64,500004,1.9973143711661,1,168
101,500001,-0.51155125583666,1,847
113,500004,1.4922940763573,1,848
112,500001,-0.98324533829768,1,1388
61,500004,0.81649220252083,1,1389
101,123,1,1,1390
123,500001,-0.51155125583666,1,1391
2,123,0.2375,2,0.52631578947368,0.1,0.42105263157895,0.2,8
77,500003,1.6467177343059,1,167
64,500004,1.9973143711661,1,168
101,500001,-0.51155125583666,1,847
113,500004,1.4922940763573,1,848
112,500001,-0.98324533829768,1,1388
61,500004,0.81649220252083,1,1389
101,123,1,1,1390
123,500001,-0.51155125583666,1,1391
98,98,0,0,1
98,124,0.2375,1.805,0.52631578947368,0.1,0.361,0.2,12
77,500003,1.6467177343059,1,167
64,500004,1.9973143711661,0,168
89,500005,1.4959562974944,1,843
85,500005,-1.2343516342662,1,844
64,123,1,0,845
123,500004,1.9973143711661,1,846
73,500001,-1.1995605334635,1,855
101,500002,-1.9508041627247,1,856
6,500001,-0.84542374950407,1,1400
98,500001,-0.85189367351299,0,1401
98,124,1,1,1402
124,500001,-0.85189367351299,1,1403
98,124,0.2375,1.805,0.52631578947368,0.1,0.361,0.2,12
77,500003,1.6467177343059,1,167
64,500004,1.9973143711661,0,168
89,500005,1.4959562974944,1,843
85,500005,-1.2343516342662,1,844
64,123,1,0,845
123,500004,1.9973143711661,1,846
73,500001,-1.1995605334635,1,855
101,500002,-1.9508041627247,1,856
6,500001,-0.84542374950407,1,1400
98,500001,-0.85189367351299,0,1401
98,124,1,1,1402
124,500001,-0.85189367351299,1,1403
98,98,0,0,1
98,122,0.2375,1.805,0.55401662049861,0.1,0.38,0.2,4
77,500003,1.6467177343059,1,167
64,500004,1.9973143711661,1,168
97,500005,-0.76302377391888,1,1404
7,500004,0.87716299935911,1,1405
98,122,0.2375,1.805,0.55401662049861,0.1,0.38,0.2,4
77,500003,1.6467177343059,1,167
64,500004,1.9973143711661,1,168
97,500005,-0.76302377391888,1,1404
7,500004,0.87716299935911,1,1405
155,611,0,0,4
155,122,0.2375,1.9,0.475,0.1,0.361,0.19,4
77,500003,0.78939176610614,1,491
70,500002,1.5310975580374,1,492
50,500004,-1.1940672017579,1,939
29,500005,0.1852473525193,1,940
155,122,0.2375,1.9,0.475,0.1,0.361,0.19,4
77,500003,0.78939176610614,1,491
70,500002,1.5310975580374,1,492
50,500004,-1.1940672017579,1,939
29,500005,0.1852473525193,1,940
155,123,0.2375,2,0.5,0.1,0.38,0.19,8
77,500003,0.78939176610614,0,491
70,500002,1.5310975580374,1,492
50,500004,-1.1940672017579,1,939
29,500005,0.1852473525193,1,940
97,500004,-1.6771141697439,1,1446
13,500003,0.39814447462386,1,1447
77,123,1,1,1448
123,500003,0.78939176610614,1,1449
155,123,0.25,2,0.475,0.095,0.38,0.2,9
77,500003,0.78939176610614,1,491
70,500002,1.5310975580374,1,492
50,500004,-1.1940672017579,0,939
29,500005,0.1852473525193,1,940
7,500005,-1.9736320078127,1,949
91,500002,-0.48042237617115,1,1456
20,500002,-0.019470809045686,1,1457
50,123,1,1,1458
123,500004,-1.1940672017579,1,1459
146,123,0.25,1.9,0.45125,0.095,0.361,0.19,7
77,500003,0.78939176610614,1,491
70,500002,1.5310975580374,1,492
50,500004,-1.1940672017579,1,939
29,500005,0.16288537247841,1,940
71,500002,1.4875331888791,0,1508
71,123,1,1,1509
123,500002,1.4875331888791,1,1510
98,407,0,0,6
98,123,0.2375,1.805,0.475,0.10526315789473,0.42105263157895,0.19,9
77,500003,0.78939176610614,1,491
70,500002,1.5310975580374,0,492
61,500003,-1.296853541673,0,928
61,123,-1.3984191412091,1,929
123,500003,-1.296853541673,1,930
30,500005,-1.9007690664388,0,956
10,500005,-0.95883053071688,1,957
17,500005,-0.17328409680471,1,1409
97,500003,1.0988494521928,0,1410
98,123,0.2375,1.805,0.475,0.10526315789473,0.42105263157895,0.19,9
77,500003,0.78939176610614,1,491
70,500002,1.5310975580374,0,492
61,500003,-1.296853541673,0,928
61,123,-1.3984191412091,1,929
123,500003,-1.296853541673,1,930
30,500005,-1.9007690664388,0,956
10,500005,-0.95883053071688,1,957
17,500005,-0.17328409680471,1,1409
97,500003,1.0988494521928,0,1410
89,123,0.21434375,1.805,0.5,0.11080332409973,0.42105263157895,0.21052631578947,11
77,500003,0.78939176610614,1,491
70,500002,1.5310975580374,1,492
68,500003,0.45283364360485,1,904
15,500003,0.59260841700491,1,905
68,123,1,1,906
123,500003,0.45283364360485,1,907
61,500003,-1.296853541673,0,928
61,123,-1.3984191412091,1,929
123,500003,-1.296853541673,1,930
30,500001,-1.0636921292764,1,1427
78,500003,0.63130588702048,1,1428
98,124,0.25,1.805,0.475,0.11663507799971,0.4,0.19,11
77,500003,0.78939176610614,1,491
70,500002,1.5310975580374,0,492
61,500003,-1.296853541673,1,928
61,123,-1.3984191412091,1,929
123,500003,-1.296853541673,0,930
50,500003,-0.49909970397046,1,960
91,500004,-0.24701681569872,0,961
69,500004,-1.4587237159337,1,1432
36,500004,-0.67964720603046,1,1433
123,124,1,1,1434
124,500003,-1.296853541673,1,1435
89,122,0.225625,2.1052631578947,0.475,0.1,0.361,0.22160664819944,6
77,500003,0.78939176610614,1,491
70,500002,1.5310975580374,1,492
30,500005,-1.9007690664388,0,956
10,500005,-0.95883053071688,1,957
88,500004,-0.83968626972259,1,1478
106,500004,-0.25898007141331,1,1479
33,123,0.26315789473684,1.805,0.475,0.11080332409972,0.4,0.19,7
77,500003,0.78939176610614,1,491
70,500002,1.5310975580374,0,492
61,500003,-1.296853541673,1,928
61,123,-1.3984191412091,1,929
123,500003,-1.296853541673,0,930
97,500003,0.96810815759758,1,1484
62,500002,0.93063142796106,1,1485
0,123,0.2375,1.9,0.45125,0.1,0.361,0.21052631578947,9
77,500003,0.78939176610614,1,491
70,500002,1.5310975580374,0,492
61,500003,-1.296853541673,1,928
61,123,-1.3984191412091,1,929
123,500003,-1.296853541673,0,930
30,500005,-1.9007690664388,0,956
10,500005,-0.95883053071688,1,957
45,123,-1.0372020630512,1,1504
25,500002,1.7578051087985,1,1505
127,433,0,0,5
114,123,0.21434375,1.71475,0.55401662049861,0.10526315789474,0.361,0.19,9
77,500003,0.78939176610614,0,491
70,500002,1.5310975580374,0,492
117,500003,-0.6976531266213,0,886
114,500005,1.3614307077242,1,887
117,500005,1.0484328745384,0,941
40,500001,1.9494613483077,1,942
77,123,1,1,943
123,500003,0.78939176610614,1,944
74,500005,0.25470748008667,1,1411
114,123,0.21434375,1.71475,0.55401662049861,0.10526315789474,0.361,0.19,9
77,500003,0.78939176610614,0,491
70,500002,1.5310975580374,0,492
117,500003,-0.6976531266213,0,886
114,500005,1.3614307077242,1,887
117,500005,1.0484328745384,0,941
40,500001,1.9494613483077,1,942
77,123,1,1,943
123,500003,0.78939176610614,1,944
74,500005,0.25470748008667,1,1411
0,123,0.2375,1.9,0.5,0.10526315789474,0.4,0.19,11
77,500003,0.78939176610614,0,491
70,500002,1.5310975580374,0,492
23,500005,-1.43797112949,0,878
65,500004,-0.8920560319834,1,879
23,123,1,1,880
123,500005,-1.43797112949,0,881
117,500005,1.0484328745384,1,941
40,500001,1.9494613483077,1,942
77,123,1,0,943
123,500003,0.78939176610614,1,944
70,500004,1.1955320902127,1,1418
76,123,0.21434375,1.805,0.52631578947368,0.095,0.38,0.2,8
77,500003,0.78939176610614,0,491
70,500002,1.5310975580374,1,492
117,500005,1.0484328745384,1,941
40,500001,1.9494613483077,1,942
77,123,1,1,943
123,500003,0.78939176610614,1,944
96,500005,1.660512100589,1,1440
67,500003,-1.00057985168,1,1441
116,123,0.225625,1.805,0.55401662049861,0.10526315789474,0.38,0.1805,9
77,500003,0.78939176610614,0,491
70,500002,1.5310975580374,1,492
117,500005,1.0484328745384,1,941
40,500001,1.9494613483077,1,942
77,123,1,1,943
123,500003,0.78939176610614,1,944
7,500005,-1.9736320078127,0,949
91,123,0.43098239082003,1,1492
6,123,-1.2908558514423,1,1493
127,123,0.2375,1.9,0.55401662049861,0.1,0.361,0.2,12
77,500003,0.78939176610614,0,491
70,500002,1.5310975580374,0,492
117,500005,1.0484328745384,1,941
40,500001,1.9494613483077,1,942
77,123,1,1,943
123,500003,0.78939176610614,1,944
78,500004,-0.63020722067934,0,969
12,500004,-0.34174626911222,1,970
77,123,1,1,971
123,500003,0.78939176610614,1,972
49,123,-1.6933500167852,1,1506
23,500001,-1.6710104678488,1,1507
98,310,0,0,6
98,123,0.26315789473684,1.805,0.45125,0.1,0.42105263157895,0.2,8
77,500003,0.78939176610614,1,491
70,500002,1.5310975580374,0,492
63,500004,-1.509262367626,1,882
87,500003,1.4487136448256,1,883
87,123,1,1,884
123,500003,1.4487136448256,0,885
28,500004,-0.84127323221534,1,1412
22,500005,-0.11066011535997,1,1413
98,123,0.26315789473684,1.805,0.45125,0.1,0.42105263157895,0.2,8
77,500003,0.78939176610614,1,491
70,500002,1.5310975580374,0,492
63,500004,-1.509262367626,1,882
87,500003,1.4487136448256,1,883
87,123,1,1,884
123,500003,1.4487136448256,0,885
28,500004,-0.84127323221534,1,1412
22,500005,-0.11066011535997,1,1413
98,124,0.25,1.9,0.5,0.1,0.4,0.21052631578947,10
77,500003,0.78939176610614,1,491
70,500002,1.5310975580374,0,492
63,500004,-1.509262367626,1,882
87,500003,1.4487136448256,0,883
87,123,1,0,884
123,500003,1.4487136448256,0,885
32,500003,0.72310556352428,1,1419
79,500005,0.24897000030519,1,1420
87,124,0.92980437635426,1,1421
124,123,1,1,1422
0,123,0.26315789473684,1.9,0.5,0.095,0.4,0.2,8
77,500003,0.78939176610614,0,491
70,500002,1.5310975580374,0,492
63,500004,-1.509262367626,1,882
87,500003,1.4487136448256,0,883
87,123,0.93232261116367,1,884
123,500003,1.4487136448256,0,885
29,500003,-1.8692587054048,1,1444
121,500002,1.9240699484237,1,1445
21,123,0.2375,1.9,0.5,0.095,0.42105263157895,0.21052631578947,10
77,500003,0.78939176610614,1,491
70,500002,1.5310975580374,1,492
63,500004,-1.509262367626,1,882
87,500003,1.4487136448256,0,883
87,123,1,1,884
123,500003,1.4487136448256,1,885
30,500005,-1.9007690664388,0,956
10,500005,-0.95883053071688,1,957
27,500004,0.15680410168767,1,1454
41,123,1.6447645496994,1,1455
89,124,0.25,1.805,0.5,0.1,0.42105263157895,0.21052631578947,13
77,500003,0.78939176610614,1,491
70,500002,1.5310975580374,1,492
63,500004,-1.509262367626,1,882
87,500003,1.4487136448256,1,883
87,123,1,1,884
123,500003,1.4487136448256,1,885
2,500005,1.4885097811823,1,896
77,123,1,1,897
123,500003,0.78939176610614,0,898
42,500003,0.63728751487777,1,1496
17,500003,1.6309701834162,1,1497
123,124,1,1,1498
124,500003,0.78939176610614,1,1499
4,124,0.2375,1.805,0.52631578947368,0.11080332409972,0.4,0.21052631578947,14
77,500003,0.78939176610614,0,491
70,500002,1.5310975580374,0,492
63,500004,-1.509262367626,1,882
87,500003,1.4487136448256,0,883
87,123,1,1,884
123,500003,1.4487136448256,0,885
43,500004,-0.7023529770806,0,931
28,500002,-0.71956541642506,1,932
77,123,1,1,933
123,500003,0.78939176610614,1,934
99,500002,-0.52851954710532,1,1500
99,123,-1.483748893704,1,1501
87,124,1,1,1502
124,500003,1.4487136448256,1,1503
98,180,0,0,2
82,124,0.26315789473684,2,0.55401662049861,0.11080332409973,0.38,0.22160664819944,13
77,500003,0.78939176610614,0,491
70,500002,1.5310975580374,0,492
2,500005,1.4885097811823,1,896
77,123,1,0,897
123,500003,0.78939176610614,1,898
78,500004,-0.63020722067934,1,969
12,500004,-0.34174626911222,1,970
77,123,1,1,971
123,500003,0.78939176610614,1,972
98,500002,1.5264748069704,1,1414
15,500005,-1.7690359202857,1,1415
77,124,1,1,1416
124,123,1,1,1417
82,124,0.26315789473684,2,0.55401662049861,0.11080332409973,0.38,0.22160664819944,13
77,500003,0.78939176610614,0,491
70,500002,1.5310975580374,0,492
2,500005,1.4885097811823,1,896
77,123,1,0,897
123,500003,0.78939176610614,1,898
78,500004,-0.63020722067934,1,969
12,500004,-0.34174626911222,1,970
77,123,1,1,971
123,500003,0.78939176610614,1,972
98,500002,1.5264748069704,1,1414
15,500005,-1.7690359202857,1,1415
77,124,1,1,1416
124,123,1,1,1417
98,123,0.25,2,0.55401662049861,0.11080332409973,0.4,0.2,11
77,500003,0.78939176610614,0,491
70,500002,1.5310975580374,0,492
2,500005,1.4885097811823,1,896
77,123,1,1,897
123,500003,0.78939176610614,0,898
78,500004,-0.63020722067934,0,969
12,500004,-0.34174626911222,1,970
77,123,1,1,971
123,500003,0.78939176610614,1,972
54,500004,-0.90572832422864,1,1486
72,500003,-0.20636616107669,1,1487
98,98,0,0,2
98,124,0.26315789473684,1.71475,0.5,0.10526315789474,0.4,0.21052631578947,12
77,500003,0.78939176610614,0,491
70,500002,1.5310975580374,0,492
2,500005,1.4885097811823,0,896
77,123,0.91054864248851,1,897
123,500003,0.78939176610614,1,898
17,500005,1.8069334841055,1,910
77,123,1,1,911
123,500003,0.78939176610614,0,912
1,500005,1.2699972533341,1,1423
13,123,1.4179509872738,1,1424
123,124,1,1,1425
124,500003,0.78939176610614,1,1426
98,124,0.26315789473684,1.71475,0.5,0.10526315789474,0.4,0.21052631578947,12
77,500003,0.78939176610614,0,491
70,500002,1.5310975580374,0,492
2,500005,1.4885097811823,0,896
77,123,0.91054864248851,1,897
123,500003,0.78939176610614,1,898
17,500005,1.8069334841055,1,910
77,123,1,1,911
123,500003,0.78939176610614,0,912
1,500005,1.2699972533341,1,1423
13,123,1.4179509872738,1,1424
123,124,1,1,1425
124,500003,0.78939176610614,1,1426
0,124,0.25,1.805,0.52631578947368,0.10526315789474,0.4,0.2,9
77,500003,0.78939176610614,0,491
70,500002,1.5310975580374,0,492
17,500005,1.8069334841055,1,910
77,123,0.98672926708996,1,911
123,500003,0.78939176610614,0,912
92,500005,0.21051667836543,1,1464
49,500002,1.1822260200812,1,1465
70,124,1,1,1466
124,500002,1.5310975580374,0,1467
89,89,0,0,1
89,124,0.2375,1.9,0.55401662049861,0.11663507799971,0.34295,0.21052631578947,12
77,500003,0.78939176610614,0,491
70,500002,1.5310975580374,1,492
23,500005,-1.43797112949,1,878
65,500004,-0.8920560319834,1,879
23,123,1,1,880
123,500005,-1.43797112949,0,881
2,500005,1.4885097811823,1,896
77,123,1,0,897
123,500003,0.78939176610614,1,898
65,123,1.4438306833094,1,1429
77,124,1,1,1430
124,123,1,1,1431
89,124,0.2375,1.9,0.55401662049861,0.11663507799971,0.34295,0.21052631578947,12
77,500003,0.78939176610614,0,491
70,500002,1.5310975580374,1,492
23,500005,-1.43797112949,1,878
65,500004,-0.8920560319834,1,879
23,123,1,1,880
123,500005,-1.43797112949,0,881
2,500005,1.4885097811823,1,896
77,123,1,0,897
123,500003,0.78939176610614,1,898
65,123,1.4438306833094,1,1429
77,124,1,1,1430
124,123,1,1,1431
78,78,0,0,1
78,123,0.25,1.71475,0.52631578947368,0.10526315789474,0.4,0.19,7
77,500003,0.55281228064821,0,491
70,500002,1.5310975580374,0,492
7,500005,-1.9736320078127,0,949
60,500001,0.97181214090556,1,1436
6,500002,0.011047700430311,1,1437
77,123,1,1,1438
123,500003,0.55281228064821,1,1439
78,123,0.25,1.71475,0.52631578947368,0.10526315789474,0.4,0.19,7
77,500003,0.55281228064821,0,491
70,500002,1.5310975580374,0,492
7,500005,-1.9736320078127,0,949
60,500001,0.97181214090556,1,1436
6,500002,0.011047700430311,1,1437
77,123,1,1,1438
123,500003,0.55281228064821,1,1439
98,98,0,0,1
98,122,0.2375,1.9,0.5,0.10526315789473,0.4,0.2,8
77,500003,0.78939176610614,1,491
70,500002,1.5310975580374,0,492
117,500003,-0.68489638966033,0,886
114,500005,1.3614307077242,0,887
50,500003,-0.49909970397046,1,960
91,500004,-0.263262300164,0,961
25,500004,-1.209204382458,1,1442
41,500004,0.59590441602832,1,1443
98,122,0.2375,1.9,0.5,0.10526315789473,0.4,0.2,8
77,500003,0.78939176610614,1,491
70,500002,1.5310975580374,0,492
117,500003,-0.68489638966033,0,886
114,500005,1.3614307077242,0,887
50,500003,-0.49909970397046,1,960
91,500004,-0.263262300164,0,961
25,500004,-1.209204382458,1,1442
41,500004,0.59590441602832,1,1443
89,89,0,0,1
89,124,0.2375,2,0.475,0.1,0.361,0.22160664819944,12
77,500003,0.78939176610614,0,491
70,500002,1.5310975580374,1,492
50,500003,-0.49909970397046,1,960
91,500004,-0.24701681569872,0,961
78,500004,-0.63020722067934,0,969
12,500004,-0.34174626911222,1,970
77,123,1,1,971
123,500003,0.78939176610614,1,972
78,500005,0.18988616595965,1,1450
80,500003,1.8362987151708,1,1451
77,124,1,0,1452
124,500003,0.78939176610614,1,1453
89,124,0.2375,2,0.475,0.1,0.361,0.22160664819944,12
77,500003,0.78939176610614,0,491
70,500002,1.5310975580374,1,492
50,500003,-0.49909970397046,1,960
91,500004,-0.24701681569872,0,961
78,500004,-0.63020722067934,0,969
12,500004,-0.34174626911222,1,970
77,123,1,1,971
123,500003,0.78939176610614,1,972
78,500005,0.18988616595965,1,1450
80,500003,1.8362987151708,1,1451
77,124,1,0,1452
124,500003,0.78939176610614,1,1453
95,162,0,0,2
95,124,0.2375,2,0.5,0.10526315789473,0.38,0.19,12
77,500003,0.78939176610614,1,491
70,500002,1.5310975580374,0,492
117,500003,-0.68489638966033,0,886
114,500005,1.3614307077242,1,887
78,500004,-0.63020722067934,0,969
12,500004,-0.34174626911222,0,970
77,123,1,1,971
123,500003,0.78939176610614,1,972
64,500002,0.31965086825159,1,1468
62,500005,-0.29755546739097,1,1469
12,124,1,1,1470
124,500004,-0.34174626911222,1,1471
95,124,0.2375,2,0.5,0.10526315789473,0.38,0.19,12
77,500003,0.78939176610614,1,491
70,500002,1.5310975580374,0,492
117,500003,-0.68489638966033,0,886
114,500005,1.3614307077242,1,887
78,500004,-0.63020722067934,0,969
12,500004,-0.34174626911222,0,970
77,123,1,1,971
123,500003,0.78939176610614,1,972
64,500002,0.31965086825159,1,1468
62,500005,-0.29755546739097,1,1469
12,124,1,1,1470
124,500004,-0.34174626911222,1,1471
67,124,0.25,2,0.55401662049861,0.10526315789473,0.4,0.21052631578947,12
77,500003,0.78939176610614,1,491
70,500002,1.5310975580374,1,492
117,500003,-0.68489638966033,0,886
114,500005,1.3614307077242,0,887
78,500004,-0.63020722067934,0,969
12,500004,-0.34174626911222,1,970
77,123,1,1,971
123,500003,0.78939176610614,1,972
56,500003,-1.134128849147,1,1474
32,500004,1.9888912625507,1,1475
117,124,1.0330531519998,1,1476
124,500003,-0.68489638966033,1,1477
98,98,0,0,1
98,123,0.25,1.805,0.475,0.1,0.4,0.19,11
77,500003,0.78939176610614,0,491
70,500002,1.5310975580374,0,492
17,500005,1.8069334841055,1,910
77,123,1,1,911
123,500003,0.78939176610614,1,912
43,500004,-0.7023529770806,0,931
28,500002,-0.71956541642506,0,932
77,123,1,1,933
123,500003,0.78939176610614,1,934
50,123,-1.2756126590777,1,1472
77,123,1.6330454420606,1,1473
98,123,0.25,1.805,0.475,0.1,0.4,0.19,11
77,500003,0.78939176610614,0,491
70,500002,1.5310975580374,0,492
17,500005,1.8069334841055,1,910
77,123,1,1,911
123,500003,0.78939176610614,1,912
43,500004,-0.7023529770806,0,931
28,500002,-0.71956541642506,0,932
77,123,1,1,933
123,500003,0.78939176610614,1,934
50,123,-1.2756126590777,1,1472
77,123,1.6330454420606,1,1473
98,98,0,0,1
98,124,0.26315789473684,1.805,0.5,0.1,0.361,0.2,13
77,500003,0.78939176610614,0,491
70,500002,1.5310975580374,0,492
23,500005,-1.43797112949,0,878
65,500004,-0.8920560319834,0,879
23,123,1,1,880
123,500005,-1.43797112949,1,881
17,500005,1.8069334841055,1,910
77,123,1,1,911
123,500003,0.78939176610614,0,912
32,500001,-1.0038758507035,1,1480
66,500004,1.307107760857,1,1481
123,124,1,1,1482
124,500003,0.78939176610614,1,1483
98,124,0.26315789473684,1.805,0.5,0.1,0.361,0.2,13
77,500003,0.78939176610614,0,491
70,500002,1.5310975580374,0,492
23,500005,-1.43797112949,0,878
65,500004,-0.8920560319834,0,879
23,123,1,1,880
123,500005,-1.43797112949,1,881
17,500005,1.8069334841055,1,910
77,123,1,1,911
123,500003,0.78939176610614,0,912
32,500001,-1.0038758507035,1,1480
66,500004,1.307107760857,1,1481
123,124,1,1,1482
124,500003,0.78939176610614,1,1483
72,72,0,0,3
72,122,0.26315789473684,2.1052631578947,0.5,0.09025,0.4,0.2,4
43,500003,1.6458632160405,1,378
116,500005,1.4452955717643,1,379
113,500005,-1.6235236671041,1,1010
43,500005,1.120212408826,1,1011
72,122,0.26315789473684,2.1052631578947,0.5,0.09025,0.4,0.2,4
43,500003,1.6458632160405,1,378
116,500005,1.4452955717643,1,379
113,500005,-1.6235236671041,1,1010
43,500005,1.120212408826,1,1011
0,122,0.26315789473684,2.2160664819944,0.52631578947368,0.09025,0.4,0.2,7
43,500003,1.6458632160405,1,378
116,500005,1.4452955717643,1,379
113,500005,-1.6235236671041,1,1010
43,500005,1.120212408826,1,1011
86,500003,-0.29181798760949,1,1528
29,500005,-1.6091189306314,1,1529
66,500004,1.3272499771111,1,1530
0,123,0.25,2.2160664819944,0.5,0.095,0.38,0.19,10
43,500003,1.6458632160405,0,378
116,500005,1.4452955717643,1,379
1,500002,0.43818475905637,1,1000
85,500001,0.56379894405957,1,1001
113,500005,-1.6235236671041,1,1010
43,500005,1.120212408826,1,1011
44,500001,-1.5421002838221,0,1553
8,500004,0.21759697256386,1,1554
44,123,1,1,1555
123,500001,-1.5421002838221,1,1556
69,115,0,0,4
69,123,0.29158769499927,2,0.475,0.1,0.361,0.2,11
43,500003,1.6458632160405,1,378
116,500005,1.4452955717643,0,379
33,500002,0.084536271248512,1,993
53,500005,-0.36616107669301,1,994
93,500004,0.50825525681326,1,995
116,123,1,1,996
123,500005,1.4452955717643,1,997
1,500002,0.43818475905637,1,1000
85,500001,0.56379894405957,1,1001
14,500002,0.18781090731529,1,1514
11,500005,1.6879787591174,1,1515
69,123,0.29158769499927,2,0.475,0.1,0.361,0.2,11
43,500003,1.6458632160405,1,378
116,500005,1.4452955717643,0,379
33,500002,0.084536271248512,1,993
53,500005,-0.36616107669301,1,994
93,500004,0.50825525681326,1,995
116,123,1,1,996
123,500005,1.4452955717643,1,997
1,500002,0.43818475905637,1,1000
85,500001,0.56379894405957,1,1001
14,500002,0.18781090731529,1,1514
11,500005,1.6879787591174,1,1515
0,124,0.26315789473684,2,0.45125,0.09025,0.361,0.21052631578947,15
43,500003,1.6458632160405,1,378
116,500005,1.4452955717643,1,379
33,500002,0.084536271248512,1,993
53,500005,-0.36616107669301,1,994
93,500004,0.50825525681326,1,995
116,123,1,0,996
123,500005,1.4452955717643,1,997
17,500004,1.7869808038575,0,1006
18,500005,-0.6104312265389,1,1007
17,123,0.97385479293191,1,1008
123,500004,1.7869808038575,1,1009
109,500003,-1.0381786553545,0,1533
117,500002,1.0021668141728,1,1534
116,124,1,1,1535
124,123,1,1,1536
46,123,0.27700831024931,2,0.475,0.09025,0.361,0.22160664819944,9
43,500003,1.7099804605243,1,378
116,500005,1.4452955717643,0,379
33,500002,0.084536271248512,1,993
53,500005,-0.36616107669301,1,994
93,500004,0.50825525681326,1,995
116,123,1,1,996
123,500005,1.4452955717643,1,997
79,500004,1.5162205877865,1,1539
79,500005,1.8625446333201,1,1540
0,124,0.27700831024931,2.1052631578947,0.475,0.1,0.361,0.21052631578947,15
43,500003,1.6458632160405,1,378
116,500005,1.4452955717643,0,379
33,500002,0.084536271248512,1,993
53,500005,-0.36616107669301,1,994
93,500004,0.50825525681326,1,995
116,123,1,1,996
123,500005,1.4452955717643,1,997
17,500004,1.7869808038575,0,1006
18,500005,-0.6104312265389,1,1007
17,123,0.97385479293191,1,1008
123,500004,1.7869808038575,1,1009
101,500005,-1.8791467024751,1,1541
15,123,-1.5833613086337,0,1542
15,124,1,1,1543
124,123,-1.5833613086337,1,1544
107,193,0,0,3
107,124,0.27700831024931,2.1052631578947,0.5,0.1,0.361,0.1805,10
43,500003,1.6458632160405,1,378
116,500005,1.4452955717643,1,379
22,500005,-0.018127994628742,0,979
39,500005,-1.4107486190374,1,980
22,123,1,1,981
123,500005,-0.018127994628742,1,982
28,500002,0.94186223944823,1,1520
88,500003,1.9467757194739,0,1521
88,124,1,1,1522
124,500003,1.9467757194739,1,1523
107,124,0.27700831024931,2.1052631578947,0.5,0.1,0.361,0.1805,10
43,500003,1.6458632160405,1,378
116,500005,1.4452955717643,1,379
22,500005,-0.018127994628742,0,979
39,500005,-1.4107486190374,1,980
22,123,1,1,981
123,500005,-0.018127994628742,1,982
28,500002,0.94186223944823,1,1520
88,500003,1.9467757194739,0,1521
88,124,1,1,1522
124,500003,1.9467757194739,1,1523
43,123,0.26315789473684,2,0.475,0.09025,0.34295,0.19,8
43,500003,1.6458632160405,1,378
116,500005,1.4452955717643,1,379
22,500005,-0.018127994628742,0,979
39,500005,-1.4107486190374,1,980
22,123,1,1,981
123,500005,-0.018127994628742,1,982
62,500002,-0.69136631366924,1,1557
80,500005,-0.82503738517411,1,1558
43,124,0.27700831024931,1.9,0.52631578947368,0.09025,0.361,0.2,10
43,500003,1.6458632160405,1,378
116,500005,1.4452955717643,1,379
22,500005,-0.018127994628742,0,979
39,500005,-1.4107486190374,1,980
22,123,1,1,981
123,500005,-0.018127994628742,1,982
12,500002,1.2729270302438,1,1561
5,500005,-1.1701406903287,1,1562
22,124,1,1,1563
124,500005,-0.018127994628742,0,1564
0,0,1,1,3
0,124,0.26315789473684,2,0.4286875,0.095,0.34295,0.1805,10
43,500003,1.6458632160405,1,378
116,500005,1.4452955717643,0,379
17,500004,1.7869808038575,1,1006
18,500005,-0.6104312265389,1,1007
17,123,0.97385479293191,1,1008
123,500004,1.7869808038575,1,1009
24,123,1.5223242896817,1,1524
33,500004,0.26679280983917,1,1525
116,124,1,1,1526
124,500005,1.4452955717643,1,1527
0,124,0.26315789473684,2,0.4286875,0.095,0.34295,0.1805,10
43,500003,1.6458632160405,1,378
116,500005,1.4452955717643,0,379
17,500004,1.7869808038575,1,1006
18,500005,-0.6104312265389,1,1007
17,123,0.97385479293191,1,1008
123,500004,1.7869808038575,1,1009
24,123,1.5223242896817,1,1524
33,500004,0.26679280983917,1,1525
116,124,1,1,1526
124,500005,1.4452955717643,1,1527
0,123,0.27700831024931,2,0.4286875,0.10526315789474,0.361,0.19,8
43,500003,1.6458632160405,1,378
116,500005,1.4452955717643,0,379
17,500004,1.7869808038575,0,1006
18,500005,-0.6104312265389,1,1007
17,123,0.97385479293191,1,1008
123,500004,1.7869808038575,1,1009
91,500003,-0.30500198370312,1,1531
2,500003,0.20123905148473,1,1532
0,123,0.26315789473684,2,0.45125,0.1,0.38,0.19,10
43,500003,1.6458632160405,0,378
116,500005,1.4452955717643,1,379
1,500002,0.43818475905637,1,1000
85,500001,0.56379894405957,1,1001
17,500004,1.7869808038575,1,1006
18,500005,-0.6104312265389,1,1007
17,123,0.97385479293191,1,1008
123,500004,1.7869808038575,1,1009
5,500004,1.1637928403577,1,1559
82,500005,1.2192968535417,1,1560
59,59,0,0,2
59,122,0.25,2,0.475,0.09025,0.38,0.21052631578947,6
43,500003,1.6458632160405,1,378
116,500005,1.4452955717643,1,379
72,500002,-0.58882412182989,1,1004
117,500002,1.7700125125889,1,1005
14,500002,-0.94686727500229,1,1537
82,500002,1.9901120029298,1,1538
59,122,0.25,2,0.475,0.09025,0.38,0.21052631578947,6
43,500003,1.6458632160405,1,378
116,500005,1.4452955717643,1,379
72,500002,-0.58882412182989,1,1004
117,500002,1.7700125125889,1,1005
14,500002,-0.94686727500229,1,1537
82,500002,1.9901120029298,1,1538
0,123,0.26315789473684,2,0.475,0.0857375,0.361,0.2,8
43,500003,1.6458632160405,1,378
116,500005,1.4452955717643,1,379
72,500002,-0.58882412182989,1,1004
117,500002,1.7700125125889,1,1005
90,500004,-0.68794824060793,0,1549
11,500004,1.2281258583331,1,1550
90,123,1,1,1551
123,500004,-0.68794824060793,1,1552
121,237,0,0,2
116,124,0.25,1.9,0.45125,0.095,0.44321329639889,0.21052631578947,8
27,500005,0.45161290322581,1,303
43,500003,1.9940183721427,1,304
43,123,0.92910855433821,0,305
123,500003,1.9940183721427,1,306
31,500002,0.42451246681112,1,608
9,500005,1.5356303598132,1,609
43,124,1,1,610
124,123,0.92910855433821,1,611
116,124,0.25,1.9,0.45125,0.095,0.44321329639889,0.21052631578947,8
27,500005,0.45161290322581,1,303
43,500003,1.9940183721427,1,304
43,123,0.92910855433821,0,305
123,500003,1.9940183721427,1,306
31,500002,0.42451246681112,1,608
9,500005,1.5356303598132,1,609
43,124,1,1,610
124,123,0.92910855433821,1,611
121,124,0.2375,1.805,0.45125,0.09025,0.42105263157895,0.22160664819944,14
27,500005,0.45161290322581,1,303
43,500003,1.9940183721427,1,304
43,123,0.92910855433821,0,305
123,500003,1.9940183721427,1,306
31,500002,0.42451246681112,1,608
9,500005,1.5356303598132,1,609
43,124,1,0,610
124,123,0.92910855433821,1,611
79,500002,-0.081850642414624,0,636
117,500003,1.7700125125889,1,637
43,124,1,1,638
124,123,0.92910855433821,1,639
29,124,0.68001342814417,1,1579
64,500002,1.4127018036439,1,1580
101,101,0,0,1
101,124,0.26315789473684,2,0.52631578947368,0.095,0.42105263157895,0.1805,12
27,500005,0.45161290322581,1,303
43,500003,1.9940183721427,1,304
43,123,0.92910855433821,1,305
123,500003,1.9940183721427,1,306
26,500005,1.4695883053072,1,680
1,500002,1.834711752678,1,681
25,500002,0.52021851252785,0,688
14,500004,-1.9233375041963,0,689
8,500002,-0.70711386455886,1,1567
51,123,1.1510971404157,1,1568
14,124,1,1,1569
124,500004,-1.9233375041963,1,1570
101,124,0.26315789473684,2,0.52631578947368,0.095,0.42105263157895,0.1805,12
27,500005,0.45161290322581,1,303
43,500003,1.9940183721427,1,304
43,123,0.92910855433821,1,305
123,500003,1.9940183721427,1,306
26,500005,1.4695883053072,1,680
1,500002,1.834711752678,1,681
25,500002,0.52021851252785,0,688
14,500004,-1.9233375041963,0,689
8,500002,-0.70711386455886,1,1567
51,123,1.1510971404157,1,1568
14,124,1,1,1569
124,500004,-1.9233375041963,1,1570
101,101,0,0,1
101,123,0.2375,2,0.5,0.1,0.44321329639889,0.21052631578947,8
27,500005,0.45161290322581,1,303
43,500003,1.9940183721427,1,304
43,123,0.92910855433821,1,305
123,500003,1.9940183721427,1,306
6,500003,-1.9387188329722,1,628
102,500005,1.0393993957335,1,629
21,500002,-0.69747001556444,1,1575
35,500005,-1.7862483596301,1,1576
101,123,0.2375,2,0.5,0.1,0.44321329639889,0.21052631578947,8
27,500005,0.45161290322581,1,303
43,500003,1.9940183721427,1,304
43,123,0.92910855433821,1,305
123,500003,1.9940183721427,1,306
6,500003,-1.9387188329722,1,628
102,500005,1.0393993957335,1,629
21,500002,-0.69747001556444,1,1575
35,500005,-1.7862483596301,1,1576
101,202,0,0,2
101,124,0.26315789473684,2,0.475,0.1,0.42105263157895,0.19,12
27,500005,0.45161290322581,1,303
43,500003,1.9940183721427,1,304
43,123,0.92910855433821,1,305
123,500003,1.9940183721427,1,306
57,500003,-0.18121890926847,0,674
85,500001,-1.5551622058779,1,675
57,124,1,1,676
124,500003,-0.18121890926847,1,677
25,500002,0.52021851252785,1,688
14,500004,-1.9233375041963,1,689
49,500004,1.0015564439833,1,1577
46,500003,-0.27777947325053,1,1578
101,124,0.26315789473684,2,0.475,0.1,0.42105263157895,0.19,12
27,500005,0.45161290322581,1,303
43,500003,1.9940183721427,1,304
43,123,0.92910855433821,1,305
123,500003,1.9940183721427,1,306
57,500003,-0.18121890926847,0,674
85,500001,-1.5551622058779,1,675
57,124,1,1,676
124,500003,-0.18121890926847,1,677
25,500002,0.52021851252785,1,688
14,500004,-1.9233375041963,1,689
49,500004,1.0015564439833,1,1577
46,500003,-0.27777947325053,1,1578
101,124,0.2375,1.71475,0.45125,0.10526315789474,0.42105263157895,0.21052631578947,12
27,500005,0.45161290322581,1,303
43,500003,1.9940183721427,0,304
43,123,0.83174165921105,1,305
123,500003,1.9940183721427,1,306
57,500003,-0.18121890926847,0,674
85,500001,-1.5551622058779,1,675
57,124,1,1,676
124,500003,-0.18121890926847,1,677
25,500002,0.52021851252785,0,688
14,500004,-1.9233375041963,1,689
53,500003,1.596911526841,1,1595
47,500004,0.95529038361766,1,1596
81,81,0,0,1
81,123,0.26315789473684,1.9,0.45125,0.095,0.42105263157895,0.21052631578947,9
27,500005,0.45161290322581,0,303
43,500003,1.9940183721427,1,304
43,123,0.92910855433821,1,305
123,500003,1.9940183721427,1,306
65,500004,-1.7347331156346,0,654
38,500005,1.1235084078494,1,655
84,500003,1.366801965392,1,693
58,500002,0.091982787560656,1,1583
19,500003,1.8897671437727,1,1584
81,123,0.26315789473684,1.9,0.45125,0.095,0.42105263157895,0.21052631578947,9
27,500005,0.45161290322581,0,303
43,500003,1.9940183721427,1,304
43,123,0.92910855433821,1,305
123,500003,1.9940183721427,1,306
65,500004,-1.7347331156346,0,654
38,500005,1.1235084078494,1,655
84,500003,1.366801965392,1,693
58,500002,0.091982787560656,1,1583
19,500003,1.8897671437727,1,1584
111,212,0,0,2
101,124,0.26315789473684,2,0.45125,0.1,0.44321329639889,0.21052631578947,10
27,500005,0.45161290322581,1,303
43,500003,1.9940183721427,0,304
43,123,0.92910855433821,1,305
123,500003,2.0080172124393,0,306
39,500001,0.91207617419965,0,691
105,500005,0.064149906918546,1,692
110,500003,-1.0673543504135,1,1585
46,500002,-0.31415753654592,1,1586
123,124,1,1,1587
124,500003,1.9940183721427,1,1588
101,124,0.26315789473684,2,0.45125,0.1,0.44321329639889,0.21052631578947,10
27,500005,0.45161290322581,1,303
43,500003,1.9940183721427,0,304
43,123,0.92910855433821,1,305
123,500003,2.0080172124393,0,306
39,500001,0.91207617419965,0,691
105,500005,0.064149906918546,1,692
110,500003,-1.0673543504135,1,1585
46,500002,-0.31415753654592,1,1586
123,124,1,1,1587
124,500003,1.9940183721427,1,1588
111,123,0.26315789473684,2,0.45125,0.1,0.42105263157895,0.21052631578947,8
27,500005,0.45161290322581,1,303
43,500003,1.9940183721427,0,304
43,123,0.92910855433821,1,305
123,500003,1.9940183721427,1,306
39,500001,0.91207617419965,1,691
105,500005,0.064149906918546,1,692
25,500005,-1.5049897762993,1,1589
71,123,0.98751792962432,1,1590
103,103,0,0,1
103,125,0.2375,1.71475,0.5,0.10526315789474,0.46654031199883,0.21052631578947,14
27,500005,0.45161290322581,1,303
43,500003,1.9940183721427,0,304
43,123,0.92910855433821,1,305
123,500003,1.9940183721427,1,306
83,123,-0.51850947599719,1,644
115,500003,1.1482894375439,1,645
115,124,1,0,646
124,500003,1.1482894375439,1,647
119,500003,0.48298593096713,1,648
6,123,0.58235419782098,1,649
25,500005,-1.7683034760582,1,1591
4,500003,-1.8676717429121,1,1592
115,125,1,1,1593
125,124,1,1,1594
103,125,0.2375,1.71475,0.5,0.10526315789474,0.46654031199883,0.21052631578947,14
27,500005,0.45161290322581,1,303
43,500003,1.9940183721427,0,304
43,123,0.92910855433821,1,305
123,500003,1.9940183721427,1,306
83,123,-0.51850947599719,1,644
115,500003,1.1482894375439,1,645
115,124,1,0,646
124,500003,1.1482894375439,1,647
119,500003,0.48298593096713,1,648
6,123,0.58235419782098,1,649
25,500005,-1.7683034760582,1,1591
4,500003,-1.8676717429121,1,1592
115,125,1,1,1593
125,124,1,1,1594
13,13,0,0,1
13,123,0.2375,2.1052631578947,0.58317538999855,0.10526315789474,0.361,0.21052631578947,10
96,500004,0.62703329569384,1,79
111,500003,1.6695791497543,1,80
78,500001,-1.0666219061861,1,1047
31,500003,1.7951597643971,1,1048
81,500003,0.79464094973601,1,1049
72,500001,-1.8627887813959,0,1050
72,123,1,1,1051
123,500001,-1.8627887813959,0,1052
26,500001,0.2170990389882,1,1633
40,500001,-0.15118869594409,1,1634
13,123,0.2375,2.1052631578947,0.58317538999855,0.10526315789474,0.361,0.21052631578947,10
96,500004,0.62703329569384,1,79
111,500003,1.6695791497543,1,80
78,500001,-1.0666219061861,1,1047
31,500003,1.7951597643971,1,1048
81,500003,0.79464094973601,1,1049
72,500001,-1.8627887813959,0,1050
72,123,1,1,1051
123,500001,-1.8627887813959,0,1052
26,500001,0.2170990389882,1,1633
40,500001,-0.15118869594409,1,1634
30,30,0,0,1
30,122,0.25,2,0.5,0.10526315789474,0.361,0.21052631578947,4
23,500001,-0.3074434644612,1,255
83,500003,1.3824113798703,1,256
77,500002,-0.98202459791864,1,1031
77,500005,0.49934385204627,1,1032
30,122,0.25,2,0.5,0.10526315789474,0.361,0.21052631578947,4
23,500001,-0.3074434644612,1,255
83,500003,1.3824113798703,1,256
77,500002,-0.98202459791864,1,1031
77,500005,0.49934385204627,1,1032
27,54,0,0,2
27,124,0.25,2,0.5,0.1,0.361,0.21052631578948,10
23,500001,-0.38077462401999,0,255
83,500003,1.296853541673,1,256
69,500001,-1.190038758507,0,1017
81,500005,-0.86214789269692,1,1018
69,123,1,1,1019
123,500001,-1.190038758507,1,1020
54,500004,-1.0237739188818,1,1642
42,123,-1.4970549638356,0,1643
42,124,1,1,1644
124,123,-1.4970549638356,1,1645
27,124,0.25,2,0.5,0.1,0.361,0.21052631578948,10
23,500001,-0.38077462401999,0,255
83,500003,1.296853541673,1,256
69,500001,-1.190038758507,0,1017
81,500005,-0.86214789269692,1,1018
69,123,1,1,1019
123,500001,-1.190038758507,1,1020
54,500004,-1.0237739188818,1,1642
42,123,-1.4970549638356,0,1643
42,124,1,1,1644
124,123,-1.4970549638356,1,1645
27,123,0.25,2,0.5,0.11080332409973,0.38,0.21052631578948,8
23,500001,-0.38077462401999,1,255
83,500003,1.296853541673,1,256
69,500001,-1.190038758507,1,1017
81,500005,-0.86214789269692,1,1018
69,123,1,1,1019
123,500001,-1.190038758507,1,1020
75,500005,0.50422681356243,1,1651
34,500003,-0.17011017181921,1,1652
27,27,0,0,1
27,122,0.25,2,0.5,0.095,0.38,0.2,4
23,500001,-0.3074434644612,1,255
83,500003,1.338565172277,1,256
2,500005,1.7502365184484,1,1653
93,500005,-0.66389965514084,1,1654
27,122,0.25,2,0.5,0.095,0.38,0.2,4
23,500001,-0.3074434644612,1,255
83,500003,1.338565172277,1,256
2,500005,1.7502365184484,1,1653
93,500005,-0.66389965514084,1,1654
