1,573,201,1,201,101,200
0,0,1,1,1
0,122,0.26315789473684,1.9,0.5,0.10526315789474,0.38,0.21052631578947,2
110,500005,0.98641926328318,0,1
22,500005,0.84200567644276,1,2
0,122,0.26315789473684,1.9,0.5,0.10526315789474,0.38,0.21052631578947,2
110,500005,0.98641926328318,0,1
22,500005,0.84200567644276,1,2
0,0,1,1,1
0,122,0.2375,2,0.52631578947368,0.095,0.38,0.19,2
47,500003,0.28473769341105,0,3
74,500004,-1.335062715537,1,4
0,122,0.2375,2,0.52631578947368,0.095,0.38,0.19,2
47,500003,0.28473769341105,0,3
74,500004,-1.335062715537,1,4
0,0,1,1,1
0,123,0.25,2.1052631578947,0.475,0.1,0.4,0.2,4
113,500003,-1.4306466872158,1,5
57,500002,1.4489577929014,0,6
57,123,1,1,7
123,500002,1.4489577929014,1,8
0,123,0.25,2.1052631578947,0.475,0.1,0.4,0.2,4
113,500003,-1.4306466872158,1,5
57,500002,1.4489577929014,0,6
57,123,1,1,7
123,500002,1.4489577929014,1,8
0,0,1,1,1
0,123,0.26315789473684,1.9,0.475,0.1,0.42105263157895,0.19,4
12,500004,-1.7751396221809,1,9
2,500005,-0.89645069734794,0,10
2,123,1,1,11
123,500005,-0.89645069734794,1,12
0,123,0.26315789473684,1.9,0.475,0.1,0.42105263157895,0.19,4
12,500004,-1.7751396221809,1,9
2,500005,-0.89645069734794,0,10
2,123,1,1,11
123,500005,-0.89645069734794,1,12
0,0,1,1,1
0,123,0.2375,2,0.52631578947368,0.10526315789474,0.42105263157895,0.2,4
14,500003,-0.45905941953795,0,13
90,500004,0.29322183904538,1,14
14,123,1,1,15
123,500003,-0.45905941953795,1,16
0,123,0.2375,2,0.52631578947368,0.10526315789474,0.42105263157895,0.2,4
14,500003,-0.45905941953795,0,13
90,500004,0.29322183904538,1,14
14,123,1,1,15
123,500003,-0.45905941953795,1,16
0,0,1,1,1
0,123,0.2375,2.1052631578947,0.52631578947368,0.095,0.42105263157895,0.2,4
18,500005,-1.4336985381634,1,17
111,500004,-0.78780480361339,1,18
18,123,1,1,19
123,500005,-1.4336985381634,1,20
0,123,0.2375,2.1052631578947,0.52631578947368,0.095,0.42105263157895,0.2,4
18,500005,-1.4336985381634,1,17
111,500004,-0.78780480361339,1,18
18,123,1,1,19
123,500005,-1.4336985381634,1,20
0,0,1,1,1
0,122,0.26315789473684,1.9,0.475,0.1,0.4,0.21052631578947,2
62,500004,-0.37763603625599,1,21
35,500003,0.72896511734367,1,22
0,122,0.26315789473684,1.9,0.475,0.1,0.4,0.21052631578947,2
62,500004,-0.37763603625599,1,21
35,500003,0.72896511734367,1,22
0,0,1,1,1
0,122,0.25,1.9,0.52631578947368,0.10526315789474,0.42105263157895,0.21052631578947,2
116,500005,0.19818720053713,1,23
43,500003,-0.50007629627369,1,24
0,122,0.25,1.9,0.52631578947368,0.10526315789474,0.42105263157895,0.21052631578947,2
116,500005,0.19818720053713,1,23
43,500003,-0.50007629627369,1,24
0,0,1,1,1
0,123,0.2375,2,0.52631578947368,0.095,0.4,0.2,4
49,500003,1.5606555375835,1,25
4,500005,0.29035309915464,1,26
4,123,1,1,27
123,500005,0.32029953917051,0,28
0,123,0.2375,2,0.52631578947368,0.095,0.4,0.2,4
49,500003,1.5606555375835,1,25
4,500005,0.29035309915464,1,26
4,123,1,1,27
123,500005,0.32029953917051,0,28
0,0,1,1,1
0,123,0.2375,2,0.475,0.10526315789474,0.4,0.19,4
102,500004,0.40095217749565,0,29
92,500002,-1.4221015045625,1,30
102,123,1,1,31
123,500004,0.40095217749565,1,32
0,123,0.2375,2,0.475,0.10526315789474,0.4,0.19,4
102,500004,0.40095217749565,0,29
92,500002,-1.4221015045625,1,30
102,123,1,1,31
123,500004,0.40095217749565,1,32
0,0,1,1,1
0,123,0.26315789473684,1.9,0.475,0.10526315789474,0.38,0.2,4
67,500001,-0.25312051759392,0,33
25,500004,-0.83858760338145,1,34
67,123,1,1,35
123,500001,-0.25312051759392,1,36
0,123,0.26315789473684,1.9,0.475,0.10526315789474,0.38,0.2,4
67,500001,-0.25312051759392,0,33
25,500004,-0.83858760338145,1,34
67,123,1,1,35
123,500001,-0.25312051759392,1,36
0,0,1,1,1
0,123,0.26315789473684,2,0.5,0.1,0.38,0.19,4
22,500005,-0.17023224585711,0,37
122,500001,0.50068666646321,1,38
22,123,1,1,39
123,500005,-0.17023224585711,0,40
0,123,0.26315789473684,2,0.5,0.1,0.38,0.19,4
22,500005,-0.17023224585711,0,37
122,500001,0.50068666646321,1,38
22,123,1,1,39
123,500005,-0.17023224585711,0,40
0,0,1,1,1
0,122,0.25,2.1052631578947,0.475,0.10526315789474,0.38,0.21052631578947,2
57,500003,0.53889584032716,0,41
105,500005,0.49909970397046,1,42
0,122,0.25,2.1052631578947,0.475,0.10526315789474,0.38,0.21052631578947,2
57,500003,0.53889584032716,0,41
105,500005,0.49909970397046,1,42
0,0,1,1,1
0,122,0.25,1.9,0.475,0.10526315789474,0.42105263157895,0.2,2
43,500003,-1.6784569841609,1,43
91,500004,0.48152104251228,0,44
0,122,0.25,1.9,0.475,0.10526315789474,0.42105263157895,0.2,2
43,500003,-1.6784569841609,1,43
91,500004,0.48152104251228,0,44
0,0,1,1,1
0,122,0.26315789473684,2,0.475,0.1,0.4,0.2,2
70,500002,-1.3889797662282,1,45
14,500005,1.4048890652181,1,46
0,122,0.26315789473684,2,0.475,0.1,0.4,0.2,2
70,500002,-1.3889797662282,1,45
14,500005,1.4048890652181,1,46
0,0,1,1,1
0,122,0.26315789473684,2.1052631578947,0.475,0.10526315789474,0.42105263157895,0.21052631578947,2
40,500004,-0.74446852015748,1,47
101,500005,1.4933927426984,1,48
0,122,0.26315789473684,2.1052631578947,0.475,0.10526315789474,0.42105263157895,0.21052631578947,2
40,500004,-0.74446852015748,1,47
101,500005,1.4933927426984,1,48
0,0,1,1,1
0,122,0.25,2.1052631578947,0.52631578947368,0.1,0.38,0.19,2
80,500002,-1.5807977538377,1,49
62,500002,-0.83883175145726,1,50
0,122,0.25,2.1052631578947,0.52631578947368,0.1,0.38,0.19,2
80,500002,-1.5807977538377,1,49
62,500002,-0.83883175145726,1,50
0,0,1,1,1
0,122,0.26315789473684,2.1052631578947,0.5,0.10526315789474,0.42105263157895,0.21052631578947,2
65,500004,-0.41926328318125,1,51
1,500004,-1.5975218970305,1,52
0,122,0.26315789473684,2.1052631578947,0.5,0.10526315789474,0.42105263157895,0.21052631578947,2
65,500004,-0.41926328318125,1,51
1,500004,-1.5975218970305,1,52
0,0,1,1,1
0,123,0.26315789473684,2,0.52631578947368,0.10526315789474,0.42105263157895,0.2,4
22,500002,-1.4734946745201,0,53
91,500005,0.44795068208869,1,54
22,123,1.0730677366349,1,55
123,500002,-1.4734946745201,1,56
0,123,0.26315789473684,2,0.52631578947368,0.10526315789474,0.42105263157895,0.2,4
22,500002,-1.4734946745201,0,53
91,500005,0.44795068208869,1,54
22,123,1.0730677366349,1,55
123,500002,-1.4734946745201,1,56
0,0,1,1,1
0,122,0.25,1.9,0.475,0.1,0.4,0.21052631578947,2
9,500001,0.49641407513657,1,57
42,500002,-0.52974028748436,1,58
0,122,0.25,1.9,0.475,0.1,0.4,0.21052631578947,2
9,500001,0.49641407513657,1,57
42,500002,-0.52974028748436,1,58
0,0,1,1,1
0,122,0.25,2,0.475,0.10526315789474,0.42105263157895,0.21052631578947,2
17,500005,-1.670493259425,0,59
53,500003,-0.79085665456099,1,60
0,122,0.25,2,0.475,0.10526315789474,0.42105263157895,0.21052631578947,2
17,500005,-1.670493259425,0,59
53,500003,-0.79085665456099,1,60
0,0,1,1,1
0,123,0.25,2,0.52631578947368,0.10526315789474,0.4,0.2,4
106,500002,-1.0018005920591,0,61
67,500005,-1.7847834711753,0,62
67,123,1,1,63
123,500005,-1.7847834711753,1,64
0,123,0.25,2,0.52631578947368,0.10526315789474,0.4,0.2,4
106,500002,-1.0018005920591,0,61
67,500005,-1.7847834711753,0,62
67,123,1,1,63
123,500005,-1.7847834711753,1,64
0,0,1,1,1
0,122,0.2375,1.9,0.5,0.095,0.38,0.19,2
42,500005,-0.405590990936,1,65
53,500005,1.3487350077822,1,66
0,122,0.2375,1.9,0.5,0.095,0.38,0.19,2
42,500005,-0.405590990936,1,65
53,500005,1.3487350077822,1,66
0,0,1,1,1
0,122,0.2375,2.1052631578947,0.5,0.10526315789474,0.38,0.19,2
32,500004,1.7811212500381,1,67
54,500005,-1.9713126010926,1,68
0,122,0.2375,2.1052631578947,0.5,0.10526315789474,0.38,0.19,2
32,500004,1.7811212500381,1,67
54,500005,-1.9713126010926,1,68
0,0,1,1,1
0,122,0.2375,2.1052631578947,0.475,0.10526315789474,0.38,0.19,2
105,500001,1.2442396313364,1,69
81,500004,1.2107913449507,0,70
0,122,0.2375,2.1052631578947,0.475,0.10526315789474,0.38,0.19,2
105,500001,1.2442396313364,1,69
81,500004,1.2107913449507,0,70
0,0,1,1,1
0,123,0.2375,2,0.52631578947368,0.1,0.4,0.19,4
116,500001,-0.90011291848506,1,71
18,500005,0.47993408001953,0,72
18,123,1,1,73
123,500005,0.47993408001953,1,74
0,123,0.2375,2,0.52631578947368,0.1,0.4,0.19,4
116,500001,-0.90011291848506,1,71
18,500005,0.47993408001953,0,72
18,123,1,1,73
123,500005,0.47993408001953,1,74
0,0,1,1,1
0,123,0.2375,2.1052631578947,0.5,0.095,0.38,0.2,4
10,500004,-1.3128452406384,1,75
119,500004,1.4815515610218,1,76
10,123,1,1,77
123,500004,-1.3309511093478,0,78
0,123,0.2375,2.1052631578947,0.5,0.095,0.38,0.2,4
10,500004,-1.3128452406384,1,75
119,500004,1.4815515610218,1,76
10,123,1,1,77
123,500004,-1.3309511093478,0,78
14,14,0,0,1
14,122,0.2375,1.9,0.52631578947368,0.1,0.38,0.2,2
96,500004,0.62703329569384,1,79
111,500003,1.6695791497543,1,80
14,122,0.2375,1.9,0.52631578947368,0.1,0.38,0.2,2
96,500004,0.62703329569384,1,79
111,500003,1.6695791497543,1,80
0,0,1,1,1
0,123,0.26315789473684,1.9,0.52631578947368,0.10526315789474,0.42105263157895,0.19,4
24,500001,-0.4423352763451,1,81
73,500001,-1.2093264564959,0,82
73,123,1,1,83
123,500001,-1.2093264564959,1,84
0,123,0.26315789473684,1.9,0.52631578947368,0.10526315789474,0.42105263157895,0.19,4
24,500001,-0.4423352763451,1,81
73,500001,-1.2093264564959,0,82
73,123,1,1,83
123,500001,-1.2093264564959,1,84
0,0,1,1,1
0,123,0.25,2.1052631578947,0.5,0.10526315789474,0.42105263157895,0.19,4
107,500002,1.9498275704215,0,85
23,500005,0.29779961546678,0,86
23,123,1,1,87
123,500005,0.29779961546678,1,88
0,123,0.25,2.1052631578947,0.5,0.10526315789474,0.42105263157895,0.19,4
107,500002,1.9498275704215,0,85
23,500005,0.29779961546678,0,86
23,123,1,1,87
123,500005,0.29779961546678,1,88
0,0,1,1,1
0,122,0.25,2,0.5,0.1,0.42105263157895,0.21052631578947,2
111,500002,-0.44758445997497,1,89
70,500002,0.93478194524979,1,90
0,122,0.25,2,0.5,0.1,0.42105263157895,0.21052631578947,2
111,500002,-0.44758445997497,1,89
70,500002,0.93478194524979,1,90
3,3,0,0,1
3,123,0.2375,2,0.5,0.10526315789474,0.38,0.21052631578947,4
111,500002,0.031257378652785,1,91
80,500003,0.75057222205267,1,92
111,123,1,1,93
123,500002,0.071840571306498,1,94
3,123,0.2375,2,0.5,0.10526315789474,0.38,0.21052631578947,4
111,500002,0.031257378652785,1,91
80,500003,0.75057222205267,1,92
111,123,1,1,93
123,500002,0.071840571306498,1,94
0,0,1,1,1
0,122,0.25,2,0.475,0.1,0.38,0.21052631578947,2
67,500001,0.18146305734428,1,95
7,500005,-0.14386425366985,1,96
0,122,0.25,2,0.475,0.1,0.38,0.21052631578947,2
67,500001,0.18146305734428,1,95
7,500005,-0.14386425366985,1,96
0,0,1,1,1
0,122,0.26315789473684,2.1052631578947,0.475,0.1,0.4,0.19,3
38,500004,-1.1501205481124,1,97
40,500003,-1.9633777886288,1,98
54,500003,0.4237800225837,0,99
0,122,0.26315789473684,2.1052631578947,0.475,0.1,0.4,0.19,3
38,500004,-1.1501205481124,1,97
40,500003,-1.9633777886288,1,98
54,500003,0.4237800225837,0,99
0,0,1,1,1
0,123,0.25,1.9,0.52631578947368,0.1,0.42105263157895,0.21052631578947,4
35,500001,0.45027008880886,1,100
48,500001,-1.8758507034516,0,101
48,123,1,1,102
123,500001,-1.8758507034516,0,103
0,123,0.25,1.9,0.52631578947368,0.1,0.42105263157895,0.21052631578947,4
35,500001,0.45027008880886,1,100
48,500001,-1.8758507034516,0,101
48,123,1,1,102
123,500001,-1.8758507034516,0,103
0,0,1,1,1
0,123,0.25,2.1052631578947,0.52631578947368,0.095,0.4,0.2,4
73,500003,0.27680288094729,0,104
100,500004,-0.62569048127689,1,105
73,123,1,1,106
123,500003,0.27680288094729,0,107
0,123,0.25,2.1052631578947,0.52631578947368,0.095,0.4,0.2,4
73,500003,0.27680288094729,0,104
100,500004,-0.62569048127689,1,105
73,123,1,1,106
123,500003,0.27680288094729,0,107
0,0,1,1,1
0,122,0.2375,2,0.52631578947368,0.1,0.4,0.19,2
111,500004,1.8608355967895,1,108
25,500005,1.1896725363933,1,109
0,122,0.2375,2,0.52631578947368,0.1,0.4,0.19,2
111,500004,1.8608355967895,1,108
25,500005,1.1896725363933,1,109
0,0,1,1,1
0,123,0.26315789473684,1.9,0.475,0.1,0.38,0.2,4
88,500003,-1.6740623187963,1,110
99,500005,-1.5014496292001,1,111
99,123,1,1,112
123,500005,-1.5014496292001,1,113
0,123,0.26315789473684,1.9,0.475,0.1,0.38,0.2,4
88,500003,-1.6740623187963,1,110
99,500005,-1.5014496292001,1,111
99,123,1,1,112
123,500005,-1.5014496292001,1,113
0,0,1,1,1
0,122,0.2375,2.1052631578947,0.5,0.095,0.4,0.19,2
83,500005,-0.87301248207038,1,114
46,500004,-1.0699179052095,1,115
0,122,0.2375,2.1052631578947,0.5,0.095,0.4,0.19,2
83,500005,-0.87301248207038,1,114
46,500004,-1.0699179052095,1,115
0,0,1,1,1
0,123,0.26315789473684,2.1052631578947,0.52631578947368,0.10526315789474,0.38,0.21052631578947,5
67,500004,-0.64803003021332,1,116
81,500005,0.14191106906339,1,117
70,500001,-0.13690603350932,1,118
81,123,1,1,119
123,500005,0.14191106906339,1,120
0,123,0.26315789473684,2.1052631578947,0.52631578947368,0.10526315789474,0.38,0.21052631578947,5
67,500004,-0.64803003021332,1,116
81,500005,0.14191106906339,1,117
70,500001,-0.13690603350932,1,118
81,123,1,1,119
123,500005,0.14191106906339,1,120
0,0,1,1,1
0,122,0.25,2,0.5,0.095,0.4,0.2,2
92,500005,1.0624713888974,0,121
107,500005,1.6501358073672,1,122
0,122,0.25,2,0.5,0.095,0.4,0.2,2
92,500005,1.0624713888974,0,121
107,500005,1.6501358073672,1,122
0,0,1,1,1
0,123,0.2375,1.9,0.52631578947368,0.1,0.42105263157895,0.19,4
48,500004,1.2304452650533,1,123
19,500001,-1.8061464278085,1,124
48,123,1,1,125
123,500004,1.2304452650533,1,126
0,123,0.2375,1.9,0.52631578947368,0.1,0.42105263157895,0.19,4
48,500004,1.2304452650533,1,123
19,500001,-1.8061464278085,1,124
48,123,1,1,125
123,500004,1.2304452650533,1,126
4,4,0,0,1
4,123,0.26315789473684,1.9,0.475,0.10526315789474,0.42105263157895,0.21052631578947,4
3,500005,-1.4462721640675,0,127
78,500003,1.9339579454939,1,128
3,123,1,1,129
123,500005,-1.4462721640675,1,130
4,123,0.26315789473684,1.9,0.475,0.10526315789474,0.42105263157895,0.21052631578947,4
3,500005,-1.4462721640675,0,127
78,500003,1.9339579454939,1,128
3,123,1,1,129
123,500005,-1.4462721640675,1,130
0,0,1,1,1
0,122,0.26315789473684,1.9,0.5,0.1,0.42105263157895,0.19,2
87,500005,1.1020233771783,1,131
79,500004,1.7844172490616,1,132
0,122,0.26315789473684,1.9,0.5,0.1,0.42105263157895,0.19,2
87,500005,1.1020233771783,1,131
79,500004,1.7844172490616,1,132
0,0,1,1,1
0,123,0.25,1.9,0.52631578947368,0.10526315789474,0.42105263157895,0.2,4
94,500004,-0.21698660237434,1,133
98,500004,1.9556871242409,0,134
98,123,1,1,135
123,500004,1.9556871242409,1,136
0,123,0.25,1.9,0.52631578947368,0.10526315789474,0.42105263157895,0.2,4
94,500004,-0.21698660237434,1,133
98,500004,1.9556871242409,0,134
98,123,1,1,135
123,500004,1.9556871242409,1,136
0,0,1,1,1
0,123,0.26315789473684,2.1052631578947,0.5,0.1,0.42105263157895,0.19,4
25,500004,1.7645191808832,1,137
77,500001,0.56538590655232,1,138
77,123,1,1,139
123,500001,0.56538590655232,1,140
0,123,0.26315789473684,2.1052631578947,0.5,0.1,0.42105263157895,0.19,4
25,500004,1.7645191808832,1,137
77,500001,0.56538590655232,1,138
77,123,1,1,139
123,500001,0.56538590655232,1,140
0,0,1,1,1
0,122,0.26315789473684,1.9,0.475,0.10526315789474,0.38,0.19,2
80,500003,-0.28998687704093,1,141
28,500004,-1.3342081972716,1,142
0,122,0.26315789473684,1.9,0.475,0.10526315789474,0.38,0.19,2
80,500003,-0.28998687704093,1,141
28,500004,-1.3342081972716,1,142
0,0,1,1,1
0,123,0.26315789473684,2.1052631578947,0.475,0.1,0.38,0.2,4
79,500004,0.057924130985443,0,143
90,500004,1.828363902707,1,144
79,123,1,1,145
123,500004,0.048881496627705,0,146
0,123,0.26315789473684,2.1052631578947,0.475,0.1,0.38,0.2,4
79,500004,0.057924130985443,0,143
90,500004,1.828363902707,1,144
79,123,1,1,145
123,500004,0.048881496627705,0,146
0,0,1,1,1
0,122,0.26315789473684,2,0.475,0.095,0.38,0.19,2
73,500001,0.47309793389691,1,147
71,500004,0.92623676259651,0,148
0,122,0.26315789473684,2,0.475,0.095,0.38,0.19,2
73,500001,0.47309793389691,1,147
71,500004,0.92623676259651,0,148
0,0,1,1,1
0,123,0.25,1.9,0.475,0.10526315789474,0.4,0.19,4
24,500005,-1.2389904477065,0,149
47,500002,-1.5167088839381,1,150
24,123,1,1,151
123,500005,-1.2389904477065,1,152
0,123,0.25,1.9,0.475,0.10526315789474,0.4,0.19,4
24,500005,-1.2389904477065,0,149
47,500002,-1.5167088839381,1,150
24,123,1,1,151
123,500005,-1.2389904477065,1,152
0,0,1,1,1
0,123,0.26315789473684,2.1052631578947,0.5,0.10526315789474,0.38,0.21052631578947,4
30,500003,-1.6290169988098,0,153
113,500005,1.4280831324198,1,154
30,123,1,1,155
123,500003,-1.6290169988098,1,156
0,123,0.26315789473684,2.1052631578947,0.5,0.10526315789474,0.38,0.21052631578947,4
30,500003,-1.6290169988098,0,153
113,500005,1.4280831324198,1,154
30,123,1,1,155
123,500003,-1.6290169988098,1,156
7,7,0,0,1
7,122,0.25,2,0.475,0.10526315789474,0.38,0.19,2
97,500004,-1.9038056581317,0,157
90,500003,1.6568498794519,1,158
7,122,0.25,2,0.475,0.10526315789474,0.38,0.19,2
97,500004,-1.9038056581317,0,157
90,500003,1.6568498794519,1,158
0,0,1,1,1
0,123,0.26315789473684,1.9,0.5,0.1,0.38,0.19,4
8,500004,-1.8692587054048,1,159
43,500004,1.192602313303,0,160
43,123,1,0,161
123,500004,1.192602313303,1,162
0,123,0.26315789473684,1.9,0.5,0.1,0.38,0.19,4
8,500004,-1.8692587054048,1,159
43,500004,1.192602313303,0,160
43,123,1,0,161
123,500004,1.192602313303,1,162
0,0,1,1,1
0,123,0.2375,1.9,0.475,0.1,0.38,0.19,4
100,500001,1.2568132572405,0,163
30,500005,-0.97396771141697,1,164
100,123,1,1,165
123,500001,1.3343516342662,1,166
0,123,0.2375,1.9,0.475,0.1,0.38,0.19,4
100,500001,1.2568132572405,0,163
30,500005,-0.97396771141697,1,164
100,123,1,1,165
123,500001,1.3343516342662,1,166
98,98,0,0,1
98,122,0.2375,1.9,0.52631578947368,0.10526315789474,0.38,0.19,2
77,500003,1.6467177343059,1,167
64,500004,1.9973143711661,1,168
98,122,0.2375,1.9,0.52631578947368,0.10526315789474,0.38,0.19,2
77,500003,1.6467177343059,1,167
64,500004,1.9973143711661,1,168
0,0,1,1,1
0,123,0.2375,1.9,0.5,0.1,0.42105263157895,0.2,4
79,500005,0.94369335001679,1,169
100,500001,0.87557603686636,1,170
100,123,1,1,171
123,500001,0.87557603686636,1,172
0,123,0.2375,1.9,0.5,0.1,0.42105263157895,0.2,4
79,500005,0.94369335001679,1,169
100,500001,0.87557603686636,1,170
100,123,1,1,171
123,500001,0.87557603686636,1,172
0,0,1,1,1
0,123,0.2375,1.9,0.52631578947368,0.095,0.42105263157895,0.2,4
30,500004,1.6260872219001,1,173
27,500001,1.0846888637959,0,174
27,123,1,1,175
123,500001,1.0846888637959,1,176
0,123,0.2375,1.9,0.52631578947368,0.095,0.42105263157895,0.2,4
30,500004,1.6260872219001,1,173
27,500001,1.0846888637959,0,174
27,123,1,1,175
123,500001,1.0846888637959,1,176
0,0,1,1,1
0,122,0.25,2,0.52631578947368,0.095,0.42105263157895,0.2,2
45,500001,0.24518570513016,1,177
49,500001,-0.63390499588,1,178
0,122,0.25,2,0.52631578947368,0.095,0.42105263157895,0.2,2
45,500001,0.24518570513016,1,177
49,500001,-0.63390499588,1,178
4,4,0,0,1
4,122,0.26315789473684,2.1052631578947,0.52631578947368,0.10526315789474,0.38,0.19,2
18,500002,-0.83211767937254,1,179
84,500003,1.8353221228675,1,180
4,122,0.26315789473684,2.1052631578947,0.52631578947368,0.10526315789474,0.38,0.19,2
18,500002,-0.83211767937254,1,179
84,500003,1.8353221228675,1,180
14,14,0,0,1
14,122,0.2375,2.1052631578947,0.475,0.095,0.4,0.2,2
111,500003,1.0716269417402,1,181
7,500004,-1.90331736198,1,182
14,122,0.2375,2.1052631578947,0.475,0.095,0.4,0.2,2
111,500003,1.0716269417402,1,181
7,500004,-1.90331736198,1,182
0,0,1,1,1
0,123,0.25,2.1052631578947,0.52631578947368,0.095,0.38,0.2,4
92,500002,-1.9420148319956,0,183
59,500004,-0.38447218237861,1,184
92,123,1,1,185
123,500002,-1.9420148319956,1,186
0,123,0.25,2.1052631578947,0.52631578947368,0.095,0.38,0.2,4
92,500002,-1.9420148319956,0,183
59,500004,-0.38447218237861,1,184
92,123,1,1,185
123,500002,-1.9420148319956,1,186
2,2,0,0,1
2,123,0.25,2.1052631578947,0.52631578947368,0.095,0.42105263157895,0.2,4
54,500004,-0.66817224646748,0,187
74,500003,0.23847163304544,1,188
54,123,1,1,189
123,500004,-0.5799913022248,1,190
2,123,0.25,2.1052631578947,0.52631578947368,0.095,0.42105263157895,0.2,4
54,500004,-0.66817224646748,0,187
74,500003,0.23847163304544,1,188
54,123,1,1,189
123,500004,-0.5799913022248,1,190
0,0,1,1,1
0,122,0.26315789473684,1.9,0.52631578947368,0.095,0.38,0.2,2
96,500005,0.42336420789209,0,191
27,500002,0.24286629840999,1,192
0,122,0.26315789473684,1.9,0.52631578947368,0.095,0.38,0.2,2
96,500005,0.42336420789209,0,191
27,500002,0.24286629840999,1,192
0,0,1,1,1
0,123,0.26315789473684,1.9,0.5,0.095,0.4,0.21052631578947,4
21,500001,-1.0740684224982,0,193
61,500005,-1.8028504287851,1,194
21,123,1,1,195
123,500001,-1.0740684224982,1,196
0,123,0.26315789473684,1.9,0.5,0.095,0.4,0.21052631578947,4
21,500001,-1.0740684224982,0,193
61,500005,-1.8028504287851,1,194
21,123,1,1,195
123,500001,-1.0740684224982,1,196
7,7,0,0,1
7,123,0.25,2.1052631578947,0.475,0.10526315789474,0.42105263157895,0.21052631578947,4
67,500005,1.1777092806787,1,197
98,500003,1.4803308206427,0,198
98,123,1,1,199
123,500003,1.4803308206427,1,200
7,123,0.25,2.1052631578947,0.475,0.10526315789474,0.42105263157895,0.21052631578947,4
67,500005,1.1777092806787,1,197
98,500003,1.4803308206427,0,198
98,123,1,1,199
123,500003,1.4803308206427,1,200
0,0,1,1,1
0,122,0.25,2.1052631578947,0.475,0.095,0.38,0.19,2
106,500001,-1.9421369060335,1,201
26,500005,1.188818018128,0,202
0,122,0.25,2.1052631578947,0.475,0.095,0.38,0.19,2
106,500001,-1.9421369060335,1,201
26,500005,1.188818018128,0,202
0,0,1,1,1
0,123,0.2375,2.1052631578947,0.475,0.095,0.4,0.19,4
88,500003,-1.2782982879116,0,203
37,500001,0.97958311716056,1,204
88,123,1,1,205
123,500003,-1.2782982879116,1,206
0,123,0.2375,2.1052631578947,0.475,0.095,0.4,0.19,4
88,500003,-1.2782982879116,0,203
37,500001,0.97958311716056,1,204
88,123,1,1,205
123,500003,-1.2782982879116,1,206
0,0,1,1,1
0,123,0.2375,1.9,0.5,0.095,0.38,0.21052631578947,4
66,500004,1.4830164494766,1,207
114,500005,-1.579210791345,1,208
114,123,1,1,209
123,500005,-1.579210791345,1,210
0,123,0.2375,1.9,0.5,0.095,0.38,0.21052631578947,4
66,500004,1.4830164494766,1,207
114,500005,-1.579210791345,1,208
114,123,1,1,209
123,500005,-1.579210791345,1,210
0,0,1,1,1
0,122,0.26315789473684,2.1052631578947,0.5,0.10526315789474,0.4,0.19,2
120,500004,0.37922299874874,0,211
34,500001,-1.2082277901547,1,212
0,122,0.26315789473684,2.1052631578947,0.5,0.10526315789474,0.4,0.19,2
120,500004,0.37922299874874,0,211
34,500001,-1.2082277901547,1,212
0,0,1,1,1
0,123,0.25,2,0.5,0.095,0.4,0.21052631578947,4
110,500003,-0.69417401654103,0,213
66,500003,-0.65388958403272,1,214
110,123,1,1,215
123,500003,-0.69417401654103,0,216
0,123,0.25,2,0.5,0.095,0.4,0.21052631578947,4
110,500003,-0.69417401654103,0,213
66,500003,-0.65388958403272,1,214
110,123,1,1,215
123,500003,-0.69417401654103,0,216
0,0,1,1,1
0,122,0.26315789473684,2,0.475,0.1,0.4,0.19,2
105,500002,-1.8225043488876,1,217
60,500001,1.3527634510331,1,218
0,122,0.26315789473684,2,0.475,0.1,0.4,0.19,2
105,500002,-1.8225043488876,1,217
60,500001,1.3527634510331,1,218
0,0,1,1,1
0,123,0.26315789473684,2,0.5,0.1,0.4,0.19,4
96,500001,-0.24652851954711,0,219
6,500003,-0.92294076357311,1,220
96,123,1,1,221
123,500001,-0.24652851954711,1,222
0,123,0.26315789473684,2,0.5,0.1,0.4,0.19,4
96,500001,-0.24652851954711,0,219
6,500003,-0.92294076357311,1,220
96,123,1,1,221
123,500001,-0.24652851954711,1,222
0,0,1,1,1
0,122,0.26315789473684,2,0.5,0.10526315789474,0.38,0.19,2
7,500005,-1.3101596118046,1,223
9,500002,-0.79634998626667,1,224
0,122,0.26315789473684,2,0.5,0.10526315789474,0.38,0.19,2
7,500005,-1.3101596118046,1,223
9,500002,-0.79634998626667,1,224
10,10,0,0,1
10,123,0.2375,2.1052631578947,0.475,0.10526315789474,0.42105263157895,0.2,4
8,500002,0.77718436231574,1,225
107,500003,1.4739829706717,0,226
107,123,1,1,227
123,500003,1.4739829706717,1,228
10,123,0.2375,2.1052631578947,0.475,0.10526315789474,0.42105263157895,0.2,4
8,500002,0.77718436231574,1,225
107,500003,1.4739829706717,0,226
107,123,1,1,227
123,500003,1.4739829706717,1,228
0,0,1,1,1
0,122,0.26315789473684,1.9,0.5,0.095,0.42105263157895,0.19,2
32,500003,1.1520415356914,1,229
34,500005,-0.48225348673971,0,230
0,122,0.26315789473684,1.9,0.5,0.095,0.42105263157895,0.19,2
32,500003,1.1520415356914,1,229
34,500005,-0.48225348673971,0,230
0,0,1,1,1
0,122,0.25,2.1052631578947,0.5,0.10526315789474,0.38,0.19,2
44,500003,-0.83602404858547,1,231
27,500001,-1.5731070894498,1,232
0,122,0.25,2.1052631578947,0.5,0.10526315789474,0.38,0.19,2
44,500003,-0.83602404858547,1,231
27,500001,-1.5731070894498,1,232
0,0,1,1,1
0,123,0.26315789473684,2.1052631578947,0.5,0.095,0.38,0.21052631578947,4
107,500005,1.3204138309885,1,233
74,500002,1.1369365520188,0,234
74,123,1,1,235
123,500002,1.1369365520188,1,236
0,123,0.26315789473684,2.1052631578947,0.5,0.095,0.38,0.21052631578947,4
107,500005,1.3204138309885,1,233
74,500002,1.1369365520188,0,234
74,123,1,1,235
123,500002,1.1369365520188,1,236
0,0,1,1,1
0,122,0.26315789473684,1.9,0.5,0.095,0.38,0.19,2
24,500005,1.0531937620167,1,237
6,500003,0.29560228278451,1,238
0,122,0.26315789473684,1.9,0.5,0.095,0.38,0.19,2
24,500005,1.0531937620167,1,237
6,500003,0.29560228278451,1,238
0,0,1,1,1
0,122,0.26315789473684,2.1052631578947,0.5,0.1,0.42105263157895,0.19,3
76,500001,0.62422559282205,0,239
52,500005,0.41584521011994,1,240
25,500003,-0.63777581102939,1,241
0,122,0.26315789473684,2.1052631578947,0.5,0.1,0.42105263157895,0.19,3
76,500001,0.62422559282205,0,239
52,500005,0.41584521011994,1,240
25,500003,-0.63777581102939,1,241
0,0,1,1,1
0,122,0.2375,2,0.5,0.095,0.38,0.19,2
58,500005,-0.26703695791498,0,242
45,500003,-0.4605243079928,1,243
0,122,0.2375,2,0.5,0.095,0.38,0.19,2
58,500005,-0.26703695791498,0,242
45,500003,-0.4605243079928,1,243
0,0,1,1,1
0,122,0.26315789473684,2.1052631578947,0.5,0.095,0.42105263157895,0.19,2
11,500002,-0.12431211279641,1,244
77,500002,-1.6827295754875,1,245
0,122,0.26315789473684,2.1052631578947,0.5,0.095,0.42105263157895,0.19,2
11,500002,-0.12431211279641,1,244
77,500002,-1.6827295754875,1,245
0,0,1,1,1
0,122,0.26315789473684,1.9,0.475,0.10526315789474,0.38,0.2,2
119,500002,1.6159550767541,1,246
64,500002,-0.78951384014405,1,247
0,122,0.26315789473684,1.9,0.475,0.10526315789474,0.38,0.2,2
119,500002,1.6159550767541,1,246
64,500002,-0.78951384014405,1,247
0,0,1,1,1
0,122,0.26315789473684,2.1052631578947,0.5,0.1,0.4,0.19,3
92,500005,0.51953184606464,0,248
44,500003,-1.622425000763,1,249
51,500001,-0.62752159184545,1,250
0,122,0.26315789473684,2.1052631578947,0.5,0.1,0.4,0.19,3
92,500005,0.51953184606464,0,248
44,500003,-1.622425000763,1,249
51,500001,-0.62752159184545,1,250
0,0,1,1,1
0,122,0.26315789473684,1.9,0.52631578947368,0.1,0.38,0.2,2
112,500001,-0.072328867458113,1,251
58,500004,-1.0055848872341,0,252
0,122,0.26315789473684,1.9,0.52631578947368,0.1,0.38,0.2,2
112,500001,-0.072328867458113,1,251
58,500004,-1.0055848872341,0,252
0,0,1,1,1
0,122,0.25,1.9,0.475,0.095,0.42105263157895,0.2,2
64,500004,-0.94808938871426,1,253
113,500003,-1.6258430738243,1,254
0,122,0.25,1.9,0.475,0.095,0.42105263157895,0.2,2
64,500004,-0.94808938871426,1,253
113,500003,-1.6258430738243,1,254
27,27,0,0,1
27,122,0.25,1.9,0.475,0.1,0.38,0.21052631578947,2
23,500001,-0.3074434644612,1,255
83,500003,1.296853541673,1,256
27,122,0.25,1.9,0.475,0.1,0.38,0.21052631578947,2
23,500001,-0.3074434644612,1,255
83,500003,1.296853541673,1,256
0,0,1,1,1
0,122,0.25,2.1052631578947,0.475,0.095,0.38,0.19,2
24,500001,1.827143162328,1,257
73,500004,-0.82247383037812,1,258
0,122,0.25,2.1052631578947,0.475,0.095,0.38,0.19,2
24,500001,1.827143162328,1,257
73,500004,-0.82247383037812,1,258
0,0,1,1,1
0,123,0.2375,1.9,0.475,0.1,0.4,0.19,4
44,500005,-0.47370830408643,0,259
41,500004,1.5501571703238,1,260
44,123,1,0,261
123,500005,-0.47370830408643,1,262
0,123,0.2375,1.9,0.475,0.1,0.4,0.19,4
44,500005,-0.47370830408643,0,259
41,500004,1.5501571703238,1,260
44,123,1,0,261
123,500005,-0.47370830408643,1,262
0,0,1,1,1
0,123,0.25,2,0.52631578947368,0.1,0.4,0.21052631578947,4
43,500001,1.6450086977752,0,263
94,500002,-0.87044892727439,1,264
43,123,1,1,265
123,500001,1.6257728812525,0,266
0,123,0.25,2,0.52631578947368,0.1,0.4,0.21052631578947,4
43,500001,1.6450086977752,0,263
94,500002,-0.87044892727439,1,264
43,123,1,1,265
123,500001,1.6257728812525,0,266
0,0,1,1,1
0,123,0.2375,2.1052631578947,0.5,0.10526315789474,0.4,0.21052631578947,4
22,500002,1.8638713853636,1,267
87,500001,1.4515213476974,0,268
87,123,1,1,269
123,500001,1.4515213476974,1,270
0,123,0.2375,2.1052631578947,0.5,0.10526315789474,0.4,0.21052631578947,4
22,500002,1.8638713853636,1,267
87,500001,1.4515213476974,0,268
87,123,1,1,269
123,500001,1.4515213476974,1,270
0,0,1,1,1
0,123,0.2375,1.9,0.475,0.10526315789474,0.38,0.19,4
101,500003,-0.92513809625538,1,271
121,500005,-1.513046662801,0,272
121,123,1,0,273
123,500005,-1.513046662801,1,274
0,123,0.2375,1.9,0.475,0.10526315789474,0.38,0.19,4
101,500003,-0.92513809625538,1,271
121,500005,-1.513046662801,0,272
121,123,1,0,273
123,500005,-1.513046662801,1,274
0,0,1,1,1
0,123,0.26315789473684,1.9,0.5,0.10526315789474,0.4,0.19,4
116,500004,-0.10431226538896,1,275
56,500005,0.19537949766533,1,276
56,123,1,0,277
123,500005,0.19537949766533,1,278
0,123,0.26315789473684,1.9,0.5,0.10526315789474,0.4,0.19,4
116,500004,-0.10431226538896,1,275
56,500005,0.19537949766533,1,276
56,123,1,0,277
123,500005,0.19537949766533,1,278
0,0,1,1,1
0,122,0.25,2.1052631578947,0.5,0.1,0.42105263157895,0.21052631578947,2
54,500003,-0.57571642200995,0,279
78,500003,-0.069643238624226,1,280
0,122,0.25,2.1052631578947,0.5,0.1,0.42105263157895,0.21052631578947,2
54,500003,-0.57571642200995,0,279
78,500003,-0.069643238624226,1,280
0,0,1,1,1
0,122,0.26315789473684,1.9,0.52631578947368,0.1,0.4,0.2,2
113,500002,-1.4271065401166,0,281
75,500001,1.8222602008118,1,282
0,122,0.26315789473684,1.9,0.52631578947368,0.1,0.4,0.2,2
113,500002,-1.4271065401166,0,281
75,500001,1.8222602008118,1,282
0,0,1,1,1
0,123,0.2375,1.9,0.52631578947368,0.1,0.42105263157895,0.21052631578947,4
50,500005,-1.6116824854274,1,283
49,500003,-0.65877254554888,0,284
49,123,1,0,285
123,500003,-0.65877254554888,1,286
0,123,0.2375,1.9,0.52631578947368,0.1,0.42105263157895,0.21052631578947,4
50,500005,-1.6116824854274,1,283
49,500003,-0.65877254554888,0,284
49,123,1,0,285
123,500003,-0.65877254554888,1,286
0,0,1,1,1
0,122,0.2375,2,0.52631578947368,0.10526315789474,0.42105263157895,0.21052631578947,2
15,500004,-1.4052552873318,1,287
31,500001,-1.591906491287,1,288
0,122,0.2375,2,0.52631578947368,0.10526315789474,0.42105263157895,0.21052631578947,2
15,500004,-1.4052552873318,1,287
31,500001,-1.591906491287,1,288
0,0,1,1,1
0,122,0.26315789473684,2.1052631578947,0.475,0.1,0.42105263157895,0.21052631578947,2
64,500005,-0.42121646778771,1,289
89,500004,-0.503494369335,0,290
0,122,0.26315789473684,2.1052631578947,0.475,0.1,0.42105263157895,0.21052631578947,2
64,500005,-0.42121646778771,1,289
89,500004,-0.503494369335,0,290
0,0,1,1,1
0,123,0.25,2,0.475,0.10526315789474,0.38,0.19,4
93,500003,-0.88229010895108,0,291
21,500003,-1.035004730369,1,292
93,123,1,1,293
123,500003,-0.88229010895108,1,294
0,123,0.25,2,0.475,0.10526315789474,0.38,0.19,4
93,500003,-0.88229010895108,0,291
21,500003,-1.035004730369,1,292
93,123,1,1,293
123,500003,-0.88229010895108,1,294
0,0,1,1,1
0,122,0.2375,1.9,0.5,0.095,0.42105263157895,0.19,2
45,500002,1.8444776757103,1,295
29,500002,0.49934385204627,0,296
0,122,0.2375,1.9,0.5,0.095,0.42105263157895,0.19,2
45,500002,1.8444776757103,1,295
29,500002,0.49934385204627,0,296
0,0,1,1,1
0,122,0.2375,2,0.52631578947368,0.095,0.4,0.2,2
64,500005,0.36774803918577,1,297
61,500001,0.6870937223426,1,298
0,122,0.2375,2,0.52631578947368,0.095,0.4,0.2,2
64,500005,0.36774803918577,1,297
61,500001,0.6870937223426,1,298
0,0,1,1,1
0,123,0.2375,2.1052631578947,0.5,0.095,0.38,0.2,4
89,500002,0.1546067690054,1,299
50,500001,-0.44245735038301,0,300
50,123,1.0453183080538,1,301
123,500001,-0.44245735038301,1,302
0,123,0.2375,2.1052631578947,0.5,0.095,0.38,0.2,4
89,500002,0.1546067690054,1,299
50,500001,-0.44245735038301,0,300
50,123,1.0453183080538,1,301
123,500001,-0.44245735038301,1,302
101,101,0,0,1
101,123,0.2375,1.9,0.475,0.1,0.42105263157895,0.2,4
27,500005,0.45161290322581,1,303
43,500003,1.9940183721427,0,304
43,123,0.92910855433821,1,305
123,500003,1.9940183721427,1,306
101,123,0.2375,1.9,0.475,0.1,0.42105263157895,0.2,4
27,500005,0.45161290322581,1,303
43,500003,1.9940183721427,0,304
43,123,0.92910855433821,1,305
123,500003,1.9940183721427,1,306
0,0,1,1,1
0,122,0.2375,2.1052631578947,0.5,0.095,0.42105263157895,0.21052631578947,2
29,500004,1.9781487472152,1,307
93,500005,0.19061861018708,1,308
0,122,0.2375,2.1052631578947,0.5,0.095,0.42105263157895,0.21052631578947,2
29,500004,1.9781487472152,1,307
93,500005,0.19061861018708,1,308
0,0,1,1,1
0,123,0.2375,2,0.475,0.10526315789474,0.4,0.21052631578947,4
102,500005,-1.7451094088565,1,309
49,500004,-0.047669911801508,0,310
49,123,1,0,311
123,500004,-0.047669911801508,1,312
0,123,0.2375,2,0.475,0.10526315789474,0.4,0.21052631578947,4
102,500005,-1.7451094088565,1,309
49,500004,-0.047669911801508,0,310
49,123,1,0,311
123,500004,-0.047669911801508,1,312
0,0,1,1,1
0,122,0.2375,1.9,0.5,0.095,0.4,0.21052631578947,2
51,500003,-0.92110965300455,1,313
56,500002,-0.95468001342814,1,314
0,122,0.2375,1.9,0.5,0.095,0.4,0.21052631578947,2
51,500003,-0.92110965300455,1,313
56,500002,-0.95468001342814,1,314
0,0,1,1,1
0,122,0.2375,2,0.5,0.10526315789474,0.42105263157895,0.2,2
76,500005,0.7299417096469,1,315
29,500001,0.12665181432539,0,316
0,122,0.2375,2,0.5,0.10526315789474,0.42105263157895,0.2,2
76,500005,0.7299417096469,1,315
29,500001,0.12665181432539,0,316
0,0,1,1,1
0,123,0.25,2,0.475,0.095,0.4,0.19,4
75,500001,-0.45527512436293,0,317
15,500005,0.95968504898221,1,318
75,123,1,1,319
123,500001,-0.45527512436293,1,320
0,123,0.25,2,0.475,0.095,0.4,0.19,4
75,500001,-0.45527512436293,0,317
15,500005,0.95968504898221,1,318
75,123,1,1,319
123,500001,-0.45527512436293,1,320
0,0,1,1,1
0,122,0.2375,2,0.52631578947368,0.10526315789474,0.4,0.2,2
111,500005,0.51399273659474,0,321
109,500003,-1.3912167729728,1,322
0,122,0.2375,2,0.52631578947368,0.10526315789474,0.4,0.2,2
111,500005,0.51399273659474,0,321
109,500003,-1.3912167729728,1,322
0,0,1,1,1
0,123,0.25,2,0.52631578947368,0.1,0.4,0.21052631578947,4
8,500005,0.98764000366222,0,323
119,500005,-0.74349192785424,1,324
8,123,1,1,325
123,500005,0.98764000366222,1,326
0,123,0.25,2,0.52631578947368,0.1,0.4,0.21052631578947,4
8,500005,0.98764000366222,0,323
119,500005,-0.74349192785424,1,324
8,123,1,1,325
123,500005,0.98764000366222,1,326
0,0,1,1,1
0,122,0.2375,2,0.52631578947368,0.095,0.38,0.2,2
48,500002,0.23187963499863,1,327
77,500005,0.94503616443373,1,328
0,122,0.2375,2,0.52631578947368,0.095,0.38,0.2,2
48,500002,0.23187963499863,1,327
77,500005,0.94503616443373,1,328
0,0,1,1,1
0,122,0.2375,2.1052631578947,0.52631578947368,0.1,0.42105263157895,0.21052631578947,2
33,500001,-1.7392498550371,1,329
18,500003,-1.2789086581011,0,330
0,122,0.2375,2.1052631578947,0.52631578947368,0.1,0.42105263157895,0.21052631578947,2
33,500001,-1.7392498550371,1,329
18,500003,-1.2789086581011,0,330
0,0,1,1,1
0,123,0.2375,1.9,0.52631578947368,0.1,0.4,0.2,4
46,500003,1.8441114535966,0,331
13,500003,-1.6273079622791,1,332
46,123,1,1,333
123,500003,1.8441114535966,1,334
0,123,0.2375,1.9,0.52631578947368,0.1,0.4,0.2,4
46,500003,1.8441114535966,0,331
13,500003,-1.6273079622791,1,332
46,123,1,1,333
123,500003,1.8441114535966,1,334
1,1,0,0,1
1,122,0.2375,1.9,0.5,0.10526315789474,0.42105263157895,0.21052631578947,2
110,500005,1.6613666188543,1,335
59,500003,0.91000091555528,1,336
1,122,0.2375,1.9,0.5,0.10526315789474,0.42105263157895,0.21052631578947,2
110,500005,1.6613666188543,1,335
59,500003,0.91000091555528,1,336
0,0,1,1,1
0,122,0.2375,2,0.5,0.10526315789474,0.42105263157895,0.19,2
33,500004,1.0690633869442,1,337
40,500002,-0.060121463667715,0,338
0,122,0.2375,2,0.5,0.10526315789474,0.42105263157895,0.19,2
33,500004,1.0690633869442,1,337
40,500002,-0.060121463667715,0,338
0,0,1,1,1
0,122,0.2375,2,0.52631578947368,0.10526315789474,0.42105263157895,0.21052631578947,2
102,500005,-0.30634479812006,1,339
10,500004,1.9301736503189,0,340
0,122,0.2375,2,0.52631578947368,0.10526315789474,0.42105263157895,0.21052631578947,2
102,500005,-0.30634479812006,1,339
10,500004,1.9301736503189,0,340
0,0,1,1,1
0,122,0.2375,2,0.5,0.10526315789474,0.4,0.19,2
81,500005,1.6154667806024,1,341
34,500004,0.10284737693411,1,342
0,122,0.2375,2,0.5,0.10526315789474,0.4,0.19,2
81,500005,1.6154667806024,1,341
34,500004,0.10284737693411,1,342
0,0,1,1,1
0,122,0.2375,2,0.475,0.095,0.38,0.21052631578947,2
100,500002,-0.71138645588549,1,343
29,500005,-1.0180364391003,0,344
0,122,0.2375,2,0.475,0.095,0.38,0.21052631578947,2
100,500002,-0.71138645588549,1,343
29,500005,-1.0180364391003,0,344
98,98,0,0,1
98,122,0.2375,2,0.5,0.095,0.42105263157895,0.19,2
88,500003,0.1242602313303,1,345
45,500001,-1.7244788964507,1,346
98,122,0.2375,2,0.5,0.095,0.42105263157895,0.19,2
88,500003,0.1242602313303,1,345
45,500001,-1.7244788964507,1,346
0,0,1,1,1
0,123,0.26315789473684,2.1052631578947,0.5,0.10526315789474,0.4,0.2,4
9,500002,-1.941526535844,0,347
95,500005,0.31818597979675,1,348
9,123,1.0104373302408,0,349
123,500002,-1.941526535844,1,350
0,123,0.26315789473684,2.1052631578947,0.5,0.10526315789474,0.4,0.2,4
9,500002,-1.941526535844,0,347
95,500005,0.31818597979675,1,348
9,123,1.0104373302408,0,349
123,500002,-1.941526535844,1,350
0,0,1,1,1
0,122,0.25,2.1052631578947,0.475,0.1,0.4,0.2,3
28,500003,-1.4653157139805,1,351
119,500003,1.1385235145116,1,352
75,500004,0.45039216284677,1,353
0,122,0.25,2.1052631578947,0.475,0.1,0.4,0.2,3
28,500003,-1.4653157139805,1,351
119,500003,1.1385235145116,1,352
75,500004,0.45039216284677,1,353
0,0,1,1,1
0,122,0.2375,1.9,0.5,0.1,0.42105263157895,0.21052631578947,2
9,500002,-0.40705587939085,1,354
53,500004,1.2182378612629,1,355
0,122,0.2375,1.9,0.5,0.1,0.42105263157895,0.21052631578947,2
9,500002,-0.40705587939085,1,354
53,500004,1.2182378612629,1,355
0,0,1,1,1
0,122,0.2375,1.9,0.52631578947368,0.095,0.38,0.19,2
96,500005,-0.40778832361827,1,356
55,500005,-1.8091982787561,1,357
0,122,0.2375,1.9,0.52631578947368,0.095,0.38,0.19,2
96,500005,-0.40778832361827,1,356
55,500005,-1.8091982787561,1,357
0,0,1,1,1
0,122,0.2375,1.9,0.5,0.10526315789474,0.4,0.2,1
72,500001,-0.2158879360332,1,358
0,122,0.2375,1.9,0.5,0.10526315789474,0.4,0.2,1
72,500001,-0.2158879360332,1,358
0,0,1,1,1
0,122,0.2375,1.9,0.52631578947368,0.1,0.42105263157895,0.21052631578947,2
71,500002,1.1262276070437,0,359
48,500005,-1.5218359935301,1,360
0,122,0.2375,1.9,0.52631578947368,0.1,0.42105263157895,0.21052631578947,2
71,500002,1.1262276070437,0,359
48,500005,-1.5218359935301,1,360
4,4,0,0,1
4,122,0.26315789473684,1.9,0.5,0.10526315789474,0.4,0.21052631578947,2
87,500003,0.34040345469527,1,361
74,500001,-0.49909970397046,1,362
4,122,0.26315789473684,1.9,0.5,0.10526315789474,0.4,0.21052631578947,2
87,500003,0.34040345469527,1,361
74,500001,-0.49909970397046,1,362
0,0,1,1,1
0,122,0.25,2,0.475,0.10526315789474,0.4,0.21052631578947,2
101,500004,0.76253547776727,1,363
76,500002,1.5135349589526,0,364
0,122,0.25,2,0.475,0.10526315789474,0.4,0.21052631578947,2
101,500004,0.76253547776727,1,363
76,500002,1.5135349589526,0,364
4,4,0,0,1
4,122,0.25,2.1052631578947,0.475,0.10526315789474,0.42105263157895,0.19,2
21,500001,0.88839381084628,1,365
85,500003,0.48860133671071,1,366
4,122,0.25,2.1052631578947,0.475,0.10526315789474,0.42105263157895,0.19,2
21,500001,0.88839381084628,1,365
85,500003,0.48860133671071,1,366
0,0,1,1,1
0,122,0.2375,2,0.5,0.10526315789474,0.42105263157895,0.19,2
114,500005,-1.6901471795275,0,367
16,500005,-0.47358623004852,1,368
0,122,0.2375,2,0.5,0.10526315789474,0.42105263157895,0.19,2
114,500005,-1.6901471795275,0,367
16,500005,-0.47358623004852,1,368
0,0,1,1,1
0,123,0.25,2.1052631578947,0.52631578947368,0.095,0.42105263157895,0.2,4
40,500005,0.38862269966735,0,369
69,500005,0.33906064027833,1,370
40,123,1.0299870296335,1,371
123,500005,0.38862269966735,1,372
0,123,0.25,2.1052631578947,0.52631578947368,0.095,0.42105263157895,0.2,4
40,500005,0.38862269966735,0,369
69,500005,0.33906064027833,1,370
40,123,1.0299870296335,1,371
123,500005,0.38862269966735,1,372
0,0,1,1,1
0,122,0.2375,2.1052631578947,0.52631578947368,0.1,0.42105263157895,0.2,3
9,500001,-0.44245735038301,1,373
39,500005,1.3293252357555,1,374
70,500003,-0.42121646778771,0,375
0,122,0.2375,2.1052631578947,0.52631578947368,0.1,0.42105263157895,0.2,3
9,500001,-0.44245735038301,1,373
39,500005,1.3293252357555,1,374
70,500003,-0.42121646778771,0,375
0,0,1,1,1
0,122,0.25,1.9,0.475,0.10526315789474,0.4,0.19,2
42,500005,-1.9183324686422,1,376
115,500004,1.1066621906186,1,377
0,122,0.25,1.9,0.475,0.10526315789474,0.4,0.19,2
42,500005,-1.9183324686422,1,376
115,500004,1.1066621906186,1,377
43,43,0,0,1
43,122,0.26315789473684,2,0.475,0.095,0.38,0.2,2
43,500003,1.6458632160405,1,378
116,500005,1.4452955717643,1,379
43,122,0.26315789473684,2,0.475,0.095,0.38,0.2,2
43,500003,1.6458632160405,1,378
116,500005,1.4452955717643,1,379
0,0,1,1,1
0,122,0.26315789473684,2,0.52631578947368,0.10526315789474,0.4,0.19,2
6,500002,0.011047700430311,1,380
27,500001,-1.3703421124912,1,381
0,122,0.26315789473684,2,0.52631578947368,0.10526315789474,0.4,0.19,2
6,500002,0.011047700430311,1,380
27,500001,-1.3703421124912,1,381
0,0,1,1,1
0,122,0.2375,1.9,0.475,0.10526315789474,0.42105263157895,0.19,2
10,500005,1.2242194891202,1,382
26,500002,-0.20844141972106,1,383
0,122,0.2375,1.9,0.475,0.10526315789474,0.42105263157895,0.19,2
10,500005,1.2242194891202,1,382
26,500002,-0.20844141972106,1,383
0,0,1,1,1
0,122,0.2375,2.1052631578947,0.52631578947368,0.1,0.42105263157895,0.2,2
18,500002,1.5222113711966,1,384
95,500004,1.7674489577929,1,385
0,122,0.2375,2.1052631578947,0.52631578947368,0.1,0.42105263157895,0.2,2
18,500002,1.5222113711966,1,384
95,500004,1.7674489577929,1,385
0,0,1,1,1
0,122,0.2375,1.9,0.5,0.10526315789474,0.42105263157895,0.2,2
78,500001,-0.30866420484024,1,386
10,500002,1.0241401409955,1,387
0,122,0.2375,1.9,0.5,0.10526315789474,0.42105263157895,0.2,2
78,500001,-0.30866420484024,1,386
10,500002,1.0241401409955,1,387
0,0,1,1,1
0,122,0.26315789473684,1.9,0.475,0.095,0.42105263157895,0.19,2
4,500005,-0.66512039551988,1,388
120,500003,-1.7772148808252,1,389
0,122,0.26315789473684,1.9,0.475,0.095,0.42105263157895,0.19,2
4,500005,-0.66512039551988,1,388
120,500003,-1.7772148808252,1,389
0,0,1,1,1
0,123,0.2375,1.9,0.52631578947368,0.1,0.38,0.21052631578947,4
113,500004,-1.8975798821986,1,390
97,500004,-1.6771141697439,1,391
97,123,1,1,392
123,500004,-1.6771141697439,1,393
0,123,0.2375,1.9,0.52631578947368,0.1,0.38,0.21052631578947,4
113,500004,-1.8975798821986,1,390
97,500004,-1.6771141697439,1,391
97,123,1,1,392
123,500004,-1.6771141697439,1,393
0,0,1,1,1
0,122,0.26315789473684,1.9,0.52631578947368,0.1,0.4,0.19,1
72,500004,-1.2291909543138,1,394
0,122,0.26315789473684,1.9,0.52631578947368,0.1,0.4,0.19,1
72,500004,-1.2291909543138,1,394
0,0,1,1,1
0,122,0.26315789473684,2.1052631578947,0.5,0.095,0.42105263157895,0.19,2
26,500004,1.3814508499405,1,395
30,500005,-0.046571245460372,0,396
0,122,0.26315789473684,2.1052631578947,0.5,0.095,0.42105263157895,0.19,2
26,500004,1.3814508499405,1,395
30,500005,-0.046571245460372,0,396
0,0,1,1,1
0,123,0.26315789473684,2.1052631578947,0.475,0.1,0.38,0.19,4
92,500003,-0.68718222602008,0,397
1,500005,0.81270790734581,0,398
1,123,1,1,399
123,500005,0.81270790734581,1,400
0,123,0.26315789473684,2.1052631578947,0.475,0.1,0.38,0.19,4
92,500003,-0.68718222602008,0,397
1,500005,0.81270790734581,0,398
1,123,1,1,399
123,500005,0.81270790734581,1,400
0,0,1,1,1
0,123,0.26315789473684,2,0.475,0.10526315789474,0.42105263157895,0.19,4
45,500002,-1.3619190038759,1,401
44,500003,-0.73970763267922,0,402
44,123,1,1,403
123,500003,-0.73970763267922,1,404
0,123,0.26315789473684,2,0.475,0.10526315789474,0.42105263157895,0.19,4
45,500002,-1.3619190038759,1,401
44,500003,-0.73970763267922,0,402
44,123,1,1,403
123,500003,-0.73970763267922,1,404
0,0,1,1,1
0,123,0.25,1.9,0.52631578947368,0.10526315789474,0.38,0.19,4
110,500004,-0.26740318002869,1,405
87,500002,-0.075502792443617,1,406
110,123,1,1,407
123,500004,-0.26740318002869,1,408
0,123,0.25,1.9,0.52631578947368,0.10526315789474,0.38,0.19,4
110,500004,-0.26740318002869,1,405
87,500002,-0.075502792443617,1,406
110,123,1,1,407
123,500004,-0.26740318002869,1,408
0,0,1,1,1
0,122,0.2375,1.9,0.52631578947368,0.1,0.38,0.2,2
68,500004,1.9085665456099,1,409
59,500005,0.75850703451643,1,410
0,122,0.2375,1.9,0.52631578947368,0.1,0.38,0.2,2
68,500004,1.9085665456099,1,409
59,500005,0.75850703451643,1,410
0,0,1,1,1
0,122,0.26315789473684,2,0.475,0.095,0.42105263157895,0.19,2
41,500003,-1.7204504531999,1,411
56,500003,-1.7030346079897,0,412
0,122,0.26315789473684,2,0.475,0.095,0.42105263157895,0.19,2
41,500003,-1.7204504531999,1,411
56,500003,-1.7030346079897,0,412
0,0,1,1,1
0,122,0.2375,1.9,0.475,0.10526315789474,0.38,0.21052631578947,2
61,500005,-0.29755546739097,1,413
27,500003,1.6418347727897,0,414
0,122,0.2375,1.9,0.475,0.10526315789474,0.38,0.21052631578947,2
61,500005,-0.29755546739097,1,413
27,500003,1.6418347727897,0,414
0,0,1,1,1
0,122,0.2375,2.1052631578947,0.52631578947368,0.1,0.4,0.2,2
36,500001,-1.9862056337168,0,415
49,500001,-1.2022003845332,1,416
0,122,0.2375,2.1052631578947,0.52631578947368,0.1,0.4,0.2,2
36,500001,-1.9862056337168,0,415
49,500001,-1.2022003845332,1,416
0,0,1,1,1
0,123,0.25,1.9,0.475,0.10526315789474,0.42105263157895,0.21052631578947,4
54,500004,-0.11505478072451,0,417
7,500003,1.8171941282388,1,418
7,123,1,1,419
123,500003,1.7125156407361,1,420
0,123,0.25,1.9,0.475,0.10526315789474,0.42105263157895,0.21052631578947,4
54,500004,-0.11505478072451,0,417
7,500003,1.8171941282388,1,418
7,123,1,1,419
123,500003,1.7125156407361,1,420
0,0,1,1,1
0,122,0.26315789473684,1.9,0.475,0.095,0.42105263157895,0.2,1
64,500005,-1.7007965330973,1,421
0,122,0.26315789473684,1.9,0.475,0.095,0.42105263157895,0.2,1
64,500005,-1.7007965330973,1,421
0,0,1,1,1
0,122,0.25,2,0.475,0.1,0.42105263157895,0.21052631578947,2
80,500005,0.20197149571215,0,422
17,500001,-0.63631092257454,1,423
0,122,0.25,2,0.475,0.1,0.42105263157895,0.21052631578947,2
80,500005,0.20197149571215,0,422
17,500001,-0.63631092257454,1,423
0,0,1,1,1
0,122,0.2375,2.1052631578947,0.5,0.1,0.38,0.19,2
77,500002,-1.1109347819452,1,424
31,500003,-1.4349192785424,0,425
0,122,0.2375,2.1052631578947,0.5,0.1,0.38,0.19,2
77,500002,-1.1109347819452,1,424
31,500003,-1.4349192785424,0,425
0,0,1,1,1
0,122,0.26315789473684,2,0.475,0.1,0.42105263157895,0.21052631578947,2
101,500004,-1.1774651326029,1,426
80,500004,0.57551805169836,0,427
0,122,0.26315789473684,2,0.475,0.1,0.42105263157895,0.21052631578947,2
101,500004,-1.1774651326029,1,426
80,500004,0.57551805169836,0,427
0,0,1,1,1
0,122,0.2375,2.1052631578947,0.5,0.10526315789474,0.4,0.2,2
52,500005,0.28485976744896,1,428
86,500005,1.0901821955016,0,429
0,122,0.2375,2.1052631578947,0.5,0.10526315789474,0.4,0.2,2
52,500005,0.28485976744896,1,428
86,500005,1.0901821955016,0,429
0,0,1,1,1
0,123,0.2375,2.1052631578947,0.52631578947368,0.10526315789474,0.4,0.2,4
49,500002,0.5236462230132,1,430
29,500004,-1.2212897122105,0,431
29,123,1,0,432
123,500004,-1.2212897122105,1,433
0,123,0.2375,2.1052631578947,0.52631578947368,0.10526315789474,0.4,0.2,4
49,500002,0.5236462230132,1,430
29,500004,-1.2212897122105,0,431
29,123,1,0,432
123,500004,-1.2212897122105,1,433
0,0,1,1,1
0,122,0.26315789473684,2.1052631578947,0.5,0.10526315789474,0.4,0.21052631578947,3
20,500001,-1.5026703695791,1,434
17,500003,-1.7581713309122,1,435
95,500005,-0.0072666177299689,1,436
0,122,0.26315789473684,2.1052631578947,0.5,0.10526315789474,0.4,0.21052631578947,3
20,500001,-1.5026703695791,1,434
17,500003,-1.7581713309122,1,435
95,500005,-0.0072666177299689,1,436
0,0,1,1,1
0,122,0.26315789473684,2.1052631578947,0.475,0.10526315789474,0.4,0.2,3
75,500001,-1.8240913113804,1,437
23,500004,-1.1420636616108,1,438
118,500005,-0.29425946836757,1,439
0,122,0.26315789473684,2.1052631578947,0.475,0.10526315789474,0.4,0.2,3
75,500001,-1.8240913113804,1,437
23,500004,-1.1420636616108,1,438
118,500005,-0.29425946836757,1,439
0,0,1,1,1
0,122,0.25,1.9,0.5,0.095,0.38,0.21052631578947,2
58,500002,-1.7722098452712,1,440
14,500003,-1.5755485702078,1,441
0,122,0.25,1.9,0.5,0.095,0.38,0.21052631578947,2
58,500002,-1.7722098452712,1,440
14,500003,-1.5755485702078,1,441
0,0,1,1,1
0,123,0.25,2,0.475,0.095,0.38,0.19,4
85,500004,-0.33063753166295,1,442
91,500004,-0.36701559495834,0,443
91,123,1,0,444
123,500004,-0.36701559495834,1,445
0,123,0.25,2,0.475,0.095,0.38,0.19,4
85,500004,-0.33063753166295,1,442
91,500004,-0.36701559495834,0,443
91,123,1,0,444
123,500004,-0.36701559495834,1,445
0,0,1,1,1
0,123,0.25,2.1052631578947,0.5,0.10526315789474,0.38,0.19,4
105,500004,0.77303384502701,1,446
24,500004,0.057313760795923,0,447
24,123,1,1,448
123,500004,0.057313760795923,1,449
0,123,0.25,2.1052631578947,0.5,0.10526315789474,0.38,0.19,4
105,500004,0.77303384502701,1,446
24,500004,0.057313760795923,0,447
24,123,1,1,448
123,500004,0.057313760795923,1,449
0,0,1,1,1
0,122,0.25,2,0.52631578947368,0.10526315789474,0.42105263157895,0.2,2
16,500002,-0.72701193273721,1,450
40,500004,1.5915402691733,1,451
0,122,0.25,2,0.52631578947368,0.10526315789474,0.42105263157895,0.2,2
16,500002,-0.72701193273721,1,450
40,500004,1.5915402691733,1,451
0,0,1,1,1
0,122,0.25,1.9,0.475,0.1,0.4,0.2,2
45,500001,-1.0372020630512,1,452
25,500003,1.7578051087985,0,453
0,122,0.25,1.9,0.475,0.1,0.4,0.2,2
45,500001,-1.0372020630512,1,452
25,500003,1.7578051087985,0,453
0,0,1,1,1
0,123,0.2375,2,0.5,0.10526315789474,0.4,0.21052631578947,4
67,500004,-0.077876811233381,0,454
86,500003,-0.64571062349315,1,455
67,123,1,1,456
123,500004,0.010071108127079,1,457
0,123,0.2375,2,0.5,0.10526315789474,0.4,0.21052631578947,4
67,500004,-0.077876811233381,0,454
86,500003,-0.64571062349315,1,455
67,123,1,1,456
123,500004,0.010071108127079,1,457
0,0,1,1,1
0,122,0.26315789473684,2,0.475,0.1,0.42105263157895,0.21052631578947,2
21,500001,1.5140232551042,1,458
119,500003,-1.0098666341136,1,459
0,122,0.26315789473684,2,0.475,0.1,0.42105263157895,0.21052631578947,2
21,500001,1.5140232551042,1,458
119,500003,-1.0098666341136,1,459
2,2,0,0,1
2,122,0.26315789473684,1.9,0.52631578947368,0.095,0.4,0.21052631578947,2
74,500004,1.5395367290262,1,460
67,500003,1.3249374370556,1,461
2,122,0.26315789473684,1.9,0.52631578947368,0.095,0.4,0.21052631578947,2
74,500004,1.5395367290262,1,460
67,500003,1.3249374370556,1,461
0,0,1,1,1
0,122,0.2375,2.1052631578947,0.5,0.1,0.4,0.19,2
57,500005,-1.1994384594256,1,462
80,500001,-0.66976226081118,1,463
0,122,0.2375,2.1052631578947,0.5,0.1,0.4,0.19,2
57,500005,-1.1994384594256,1,462
80,500001,-0.66976226081118,1,463
0,0,1,1,1
0,123,0.25,2.1052631578947,0.52631578947368,0.1,0.4,0.21052631578947,5
80,500004,1.238380077517,1,464
39,500005,-0.7115085299234,0,465
92,500002,-1.0903042695395,1,466
39,123,1,0,467
123,500005,-0.7115085299234,1,468
0,123,0.25,2.1052631578947,0.52631578947368,0.1,0.4,0.21052631578947,5
80,500004,1.238380077517,1,464
39,500005,-0.7115085299234,0,465
92,500002,-1.0903042695395,1,466
39,123,1,0,467
123,500005,-0.7115085299234,1,468
0,0,1,1,1
0,122,0.26315789473684,1.9,0.5,0.10526315789474,0.4,0.19,2
94,500005,0.92818994720298,1,469
92,500005,-0.26068910794397,0,470
0,122,0.26315789473684,1.9,0.5,0.10526315789474,0.4,0.19,2
94,500005,0.92818994720298,1,469
92,500005,-0.26068910794397,0,470
0,0,1,1,1
0,123,0.25,2,0.52631578947368,0.1,0.42105263157895,0.19,4
71,500003,-0.28290658284249,0,471
44,500004,0.39545884578997,1,472
71,123,0.92233344523453,0,473
123,500003,-0.28290658284249,1,474
0,123,0.25,2,0.52631578947368,0.1,0.42105263157895,0.19,4
71,500003,-0.28290658284249,0,471
44,500004,0.39545884578997,1,472
71,123,0.92233344523453,0,473
123,500003,-0.28290658284249,1,474
0,0,1,1,1
0,123,0.25,1.9,0.5,0.10526315789474,0.38,0.19,4
103,500005,-1.5847041230506,1,475
87,500004,-1.7896664326914,0,476
87,123,1,0,477
123,500004,-1.7896664326914,1,478
0,123,0.25,1.9,0.5,0.10526315789474,0.38,0.19,4
103,500005,-1.5847041230506,1,475
87,500004,-1.7896664326914,0,476
87,123,1,0,477
123,500004,-1.7896664326914,1,478
0,0,1,1,1
0,122,0.2375,2,0.52631578947368,0.10526315789474,0.4,0.19,2
12,500003,1.0308542130802,1,479
102,500005,-0.90560625019074,0,480
0,122,0.2375,2,0.52631578947368,0.10526315789474,0.4,0.19,2
12,500003,1.0308542130802,1,479
102,500005,-0.90560625019074,0,480
0,0,1,1,1
0,122,0.25,2,0.52631578947368,0.095,0.4,0.21052631578947,2
41,500004,0.030457472457045,1,481
52,500001,0.23163548692282,1,482
0,122,0.25,2,0.52631578947368,0.095,0.4,0.21052631578947,2
41,500004,0.030457472457045,1,481
52,500001,0.23163548692282,1,482
0,0,1,1,1
0,123,0.25,2.1052631578947,0.475,0.10526315789474,0.38,0.2,4
27,500002,-0.80758079775384,1,483
106,500001,1.5610217596973,0,484
106,123,1,1,485
123,500001,1.5610217596973,0,486
0,123,0.25,2.1052631578947,0.475,0.10526315789474,0.38,0.2,4
27,500002,-0.80758079775384,1,483
106,500001,1.5610217596973,0,484
106,123,1,1,485
123,500001,1.5610217596973,0,486
0,0,1,1,1
0,123,0.2375,2.1052631578947,0.5,0.095,0.4,0.2,4
20,500003,-1.2446058534501,1,487
113,500005,1.2330088198492,0,488
113,123,1,1,489
123,500005,1.2330088198492,1,490
0,123,0.2375,2.1052631578947,0.5,0.095,0.4,0.2,4
20,500003,-1.2446058534501,1,487
113,500005,1.2330088198492,0,488
113,123,1,1,489
123,500005,1.2330088198492,1,490
98,98,0,0,1
98,122,0.2375,1.9,0.5,0.10526315789474,0.38,0.2,2
77,500003,0.78939176610614,1,491
70,500002,1.5310975580374,0,492
98,122,0.2375,1.9,0.5,0.10526315789474,0.38,0.2,2
77,500003,0.78939176610614,1,491
70,500002,1.5310975580374,0,492
0,0,1,1,1
0,122,0.25,2,0.52631578947368,0.1,0.42105263157895,0.2,2
3,500001,1.4562822351756,1,493
105,500004,1.0052186651204,0,494
0,122,0.25,2,0.52631578947368,0.1,0.42105263157895,0.2,2
3,500001,1.4562822351756,1,493
105,500004,1.0052186651204,0,494
0,0,1,1,1
0,123,0.25,2,0.52631578947368,0.10526315789474,0.38,0.2,4
100,500005,-1.8791467024751,1,495
15,500001,-1.5833613086337,0,496
15,123,1,1,497
123,500001,-1.5833613086337,1,498
0,123,0.25,2,0.52631578947368,0.10526315789474,0.38,0.2,4
100,500005,-1.8791467024751,1,495
15,500001,-1.5833613086337,0,496
15,123,1,1,497
123,500001,-1.5833613086337,1,498
0,0,1,1,1
0,122,0.2375,2,0.5,0.10526315789474,0.38,0.21052631578947,2
95,500002,-1.0242622150334,1,499
98,500004,-1.4335764641255,1,500
0,122,0.2375,2,0.5,0.10526315789474,0.38,0.21052631578947,2
95,500002,-1.0242622150334,1,499
98,500004,-1.4335764641255,1,500
0,0,1,1,1
0,122,0.25,1.9,0.5,0.1,0.38,0.2,2
29,500004,-1.5186620685446,1,501
67,500002,1.5414899136326,1,502
0,122,0.25,1.9,0.5,0.1,0.38,0.2,2
29,500004,-1.5186620685446,1,501
67,500002,1.5414899136326,1,502
0,0,1,1,1
0,122,0.25,2,0.475,0.1,0.38,0.2,2
118,500004,-1.8991668446913,1,503
60,500001,-0.75020599993896,1,504
0,122,0.25,2,0.475,0.1,0.38,0.2,2
118,500004,-1.8991668446913,1,503
60,500001,-0.75020599993896,1,504
0,0,1,1,1
0,123,0.26315789473684,1.9,0.475,0.095,0.4,0.21052631578947,4
22,500004,0.08661152989288,1,505
12,500001,0.79696035645619,1,506
12,123,1,1,507
123,500001,0.79696035645619,1,508
0,123,0.26315789473684,1.9,0.475,0.095,0.4,0.21052631578947,4
22,500004,0.08661152989288,1,505
12,500001,0.79696035645619,1,506
12,123,1,1,507
123,500001,0.79696035645619,1,508
0,0,1,1,1
0,122,0.2375,1.9,0.5,0.1,0.4,0.21052631578947,2
40,500004,1.4080629902036,0,509
36,500004,0.14654988250374,1,510
0,122,0.2375,1.9,0.5,0.1,0.4,0.21052631578947,2
40,500004,1.4080629902036,0,509
36,500004,0.14654988250374,1,510
0,0,1,1,1
0,122,0.26315789473684,1.9,0.52631578947368,0.095,0.38,0.2,2
18,500001,0.96517838068789,1,511
97,500004,1.8963591418195,0,512
0,122,0.26315789473684,1.9,0.52631578947368,0.095,0.38,0.2,2
18,500001,0.96517838068789,1,511
97,500004,1.8963591418195,0,512
0,0,1,1,1
0,123,0.2375,1.9,0.5,0.10526315789474,0.42105263157895,0.2,3
39,500005,1.3776665547655,0,513
39,123,0.91364546808165,1,514
123,500005,1.3776665547655,1,515
0,123,0.2375,1.9,0.5,0.10526315789474,0.42105263157895,0.2,3
39,500005,1.3776665547655,0,513
39,123,0.91364546808165,1,514
123,500005,1.3776665547655,1,515
8,8,0,0,1
8,123,0.2375,2.1052631578947,0.52631578947368,0.095,0.38,0.2,5
52,500002,0.46259956663717,0,516
90,500005,1.2795190282907,1,517
63,500003,0.43061616870632,1,518
52,123,0.97600283822138,1,519
123,500002,0.46259956663717,0,520
8,123,0.2375,2.1052631578947,0.52631578947368,0.095,0.38,0.2,5
52,500002,0.46259956663717,0,516
90,500005,1.2795190282907,1,517
63,500003,0.43061616870632,1,518
52,123,0.97600283822138,1,519
123,500002,0.46259956663717,0,520
0,0,1,1,1
0,123,0.26315789473684,1.9,0.52631578947368,0.095,0.42105263157895,0.19,4
68,500004,0.16351817377239,0,521
4,500003,-0.75618762779626,0,522
4,123,1,1,523
123,500003,-0.75618762779626,1,524
0,123,0.26315789473684,1.9,0.52631578947368,0.095,0.42105263157895,0.19,4
68,500004,0.16351817377239,0,521
4,500003,-0.75618762779626,0,522
4,123,1,1,523
123,500003,-0.75618762779626,1,524
0,0,1,1,1
0,123,0.26315789473684,1.9,0.52631578947368,0.095,0.38,0.2,4
97,500005,1.0204779198584,1,525
29,500002,-0.22040467543565,0,526
29,123,1,1,527
123,500002,-0.22040467543565,1,528
0,123,0.26315789473684,1.9,0.52631578947368,0.095,0.38,0.2,4
97,500005,1.0204779198584,1,525
29,500002,-0.22040467543565,0,526
29,123,1,1,527
123,500002,-0.22040467543565,1,528
0,0,1,1,1
0,123,0.26315789473684,2,0.5,0.095,0.38,0.19,4
54,500003,-0.57197790459914,0,529
34,500004,-0.47541734061708,1,530
54,123,1,1,531
123,500003,-0.57197790459914,1,532
0,123,0.26315789473684,2,0.5,0.095,0.38,0.19,4
54,500003,-0.57197790459914,0,529
34,500004,-0.47541734061708,1,530
54,123,1,1,531
123,500003,-0.57197790459914,1,532
0,0,1,1,1
0,122,0.25,2.1052631578947,0.5,0.10526315789474,0.4,0.21052631578947,2
97,500003,-1.3221228675192,1,533
53,500002,-0.80989056704997,0,534
0,122,0.25,2.1052631578947,0.5,0.10526315789474,0.4,0.21052631578947,2
97,500003,-1.3221228675192,1,533
53,500002,-0.80989056704997,0,534
0,0,1,1,1
0,122,0.2375,2,0.475,0.1,0.42105263157895,0.21052631578947,2
71,500002,-1.8710898159734,1,535
48,500002,1.2664571062349,1,536
0,122,0.2375,2,0.475,0.1,0.42105263157895,0.21052631578947,2
71,500002,-1.8710898159734,1,535
48,500002,1.2664571062349,1,536
0,0,1,1,1
0,123,0.26315789473684,2,0.5,0.10526315789474,0.4,0.19,4
94,500003,-0.72725608081301,0,537
18,500002,1.5512558366649,0,538
94,123,1,1,539
123,500003,-0.72725608081301,1,540
0,123,0.26315789473684,2,0.5,0.10526315789474,0.4,0.19,4
94,500003,-0.72725608081301,0,537
18,500002,1.5512558366649,0,538
94,123,1,1,539
123,500003,-0.72725608081301,1,540
4,4,0,0,1
4,122,0.26315789473684,2,0.5,0.10526315789474,0.42105263157895,0.21052631578947,2
82,500003,0.23822748496963,1,541
20,500001,1.403234640757,1,542
4,122,0.26315789473684,2,0.5,0.10526315789474,0.42105263157895,0.21052631578947,2
82,500003,0.23822748496963,1,541
20,500001,1.403234640757,1,542
0,0,1,1,1
0,123,0.25,2,0.5,0.10526315789474,0.4,0.2,4
121,500004,-0.5341349528489,0,543
117,500001,1.393536179693,0,544
121,123,1,1,545
123,500004,-0.5341349528489,1,546
0,123,0.25,2,0.5,0.10526315789474,0.4,0.2,4
121,500004,-0.5341349528489,0,543
117,500001,1.393536179693,0,544
121,123,1,1,545
123,500004,-0.5341349528489,1,546
11,11,0,0,1
11,123,0.25,2,0.5,0.10526315789474,0.42105263157895,0.21052631578947,4
61,500003,-1.3856013672292,0,547
62,500005,0.89107943968017,1,548
61,123,-1.6776024658956,1,549
123,500003,-1.3856013672292,1,550
11,123,0.25,2,0.5,0.10526315789474,0.42105263157895,0.21052631578947,4
61,500003,-1.3856013672292,0,547
62,500005,0.89107943968017,1,548
61,123,-1.6776024658956,1,549
123,500003,-1.3856013672292,1,550
0,0,1,1,1
0,123,0.25,2,0.5,0.1,0.42105263157895,0.2,4
29,500002,-0.16742454298532,1,551
52,500001,-0.18903164769433,1,552
29,123,1,1,553
123,500002,-0.16742454298532,1,554
0,123,0.25,2,0.5,0.1,0.42105263157895,0.2,4
29,500002,-0.16742454298532,1,551
52,500001,-0.18903164769433,1,552
29,123,1,1,553
123,500002,-0.16742454298532,1,554
0,0,1,1,1
0,122,0.26315789473684,2,0.475,0.1,0.4,0.19,2
58,500005,1.2940458388012,1,555
115,500005,-1.1566545609912,1,556
0,122,0.26315789473684,2,0.475,0.1,0.4,0.19,2
58,500005,1.2940458388012,1,555
115,500005,-1.1566545609912,1,556
0,0,1,1,1
0,123,0.25,2.1052631578947,0.52631578947368,0.10526315789474,0.4,0.21052631578947,4
15,500001,0.61137890656999,1,557
103,500005,-0.73567918942839,0,558
103,123,1,0,559
123,500005,-0.73567918942839,1,560
0,123,0.25,2.1052631578947,0.52631578947368,0.10526315789474,0.4,0.21052631578947,4
15,500001,0.61137890656999,1,557
103,500005,-0.73567918942839,0,558
103,123,1,0,559
123,500005,-0.73567918942839,1,560
0,0,1,1,1
0,122,0.25,2.1052631578947,0.52631578947368,0.10526315789474,0.4,0.2,2
112,500001,-1.0898770104068,1,561
19,500002,1.4797204504532,0,562
0,122,0.25,2.1052631578947,0.52631578947368,0.10526315789474,0.4,0.2,2
112,500001,-1.0898770104068,1,561
19,500002,1.4797204504532,0,562
0,0,1,1,1
0,122,0.26315789473684,2.1052631578947,0.5,0.1,0.42105263157895,0.21052631578947,2
94,500005,-0.081972716452528,1,563
104,500004,1.398663289285,1,564
0,122,0.26315789473684,2.1052631578947,0.5,0.1,0.42105263157895,0.21052631578947,2
94,500005,-0.081972716452528,1,563
104,500004,1.398663289285,1,564
0,0,1,1,1
0,123,0.2375,2,0.5,0.095,0.42105263157895,0.19,4
116,500002,0.78048036133915,1,565
72,500004,-0.2189397869808,0,566
72,123,1,1,567
123,500004,-0.2189397869808,1,568
0,123,0.2375,2,0.5,0.095,0.42105263157895,0.19,4
116,500002,0.78048036133915,1,565
72,500004,-0.2189397869808,0,566
72,123,1,1,567
123,500004,-0.2189397869808,1,568
12,12,0,0,1
12,123,0.25,2.1052631578947,0.475,0.10526315789474,0.38,0.21052631578947,5
114,500003,1.509262367626,1,569
76,500005,-1.2080703788953,1,570
40,500002,1.2183599353008,1,571
76,123,1,1,572
123,500005,-1.2426526688437,1,573
12,123,0.25,2.1052631578947,0.475,0.10526315789474,0.38,0.21052631578947,5
114,500003,1.509262367626,1,569
76,500005,-1.2080703788953,1,570
40,500002,1.2183599353008,1,571
76,123,1,1,572
123,500005,-1.2426526688437,1,573
