V2
3,1640,82,1,201,148,81
109,600,1,1,6
100,178,0.25,2.2160664819944,0.5,0.10526315789474,0.361,0.2,8
479,81
236,124
131,500003,0.87568491458692,1,194
122,500005,-1.0810679770452,1,195
131,177,1,1,196
177,500003,0.87568491458692,1,197
76,500005,-0.58129943282404,1,932
91,500003,0.61342948458636,1,933
131,178,1,1,934
178,500003,0.87568491458692,0,935
100,179,0.25,2.3327015599941,0.5,0.10526315789474,0.361,0.2,12
479,81
236,124
347,92
131,500003,0.87568491458692,1,194
122,500005,-1.0810679770452,1,195
131,177,1,1,196
177,500003,0.87568491458692,1,197
76,500005,-0.58129943282404,1,932
91,500003,0.61342948458636,0,933
131,178,1,1,934
178,500003,0.87568491458692,1,935
33,500005,0.29317523645851,1,1153
8,500004,-0.20262648826587,1,1154
91,179,1,1,1155
179,500003,0.61342948458636,1,1156
100,178,0.26315789473684,2.3327015599941,0.5,0.1,0.361,0.21052631578947,11
479,81
236,124
131,500003,0.87568491458692,1,194
122,500005,-1.0810679770452,1,195
131,177,1,1,196
177,500003,0.87568491458692,1,197
76,500005,-0.58129943282404,0,932
91,500003,0.61342948458636,1,933
131,178,1,1,934
178,500003,0.87568491458692,0,935
92,500001,-0.2585261306998,1,1193
120,178,0.23776313207939,1,1194
110,500004,-0.62009504186925,1,1195
100,178,0.26315789473684,2,0.55401662049861,0.10526315789474,0.34295,0.2,14
479,81
394,141
131,500003,0.87568491458692,1,194
122,500005,-1.0810679770452,0,195
131,177,1,1,196
177,500003,0.87568491458692,1,197
116,177,-0.3504708086449,0,920
70,500001,-1.0019023078503,1,921
116,178,1,1,922
178,177,-0.33934263435162,1,923
76,500005,-0.58129943282404,1,932
91,500003,0.61342948458636,1,933
131,178,1,1,934
178,500003,0.87568491458692,0,935
153,177,0.63588027965086,1,1361
84,177,-1.6049157323339,1,1362
100,179,0.26315789473684,2.2160664819944,0.5,0.10526315789474,0.42105263157895,0.1805,14
479,81
236,124
288,142
131,500003,0.87568491458692,0,194
122,500005,-1.0810679770452,1,195
131,177,1,1,196
177,500003,0.87568491458692,0,197
99,177,-0.55292661420672,1,918
126,500004,-1.2701949268906,1,919
76,500005,-0.58129943282404,1,932
91,500003,0.61342948458636,1,933
131,178,1,1,934
178,500003,0.87568491458692,1,935
20,500004,-1.7453856318003,1,1381
159,500002,0.074177361128003,1,1382
177,179,1,1,1383
179,500003,0.87568491458692,0,1384
100,179,0.25,2.3327015599941,0.52631578947368,0.1,0.38,0.2,16
479,81
236,124
308,124
131,500003,0.87568491458692,1,194
122,500005,-1.0810679770452,1,195
131,177,1,1,196
177,500003,0.87568491458692,1,197
170,500002,0.95519468512162,0,669
2,500003,-0.35658575145369,1,670
131,178,1,1,671
178,500003,0.87568491458692,0,672
76,500005,-0.58129943282404,1,932
91,500003,0.61342948458636,1,933
131,178,1,1,934
178,500003,0.87568491458692,0,935
126,178,-1.57314153182,1,1388
52,500003,-0.89181355707898,1,1389
178,179,1,1,1390
179,500003,0.87568491458692,0,1391
100,178,0.27700831024931,2.2160664819944,0.52631578947368,0.11080332409972,0.42105263157895,0.1805,13
479,81
236,124
131,500003,0.87568491458692,1,194
122,500005,-1.0810679770452,1,195
131,177,1,1,196
177,500003,0.87568491458692,0,197
99,177,-0.55292661420672,0,918
126,500004,-1.2701949268906,1,919
76,500005,-0.58129943282404,1,932
91,500003,0.61342948458636,1,933
131,178,1,1,934
178,500003,0.87568491458692,0,935
137,500003,0.26433387504161,1,1400
36,500005,0.93885654347896,1,1401
5,500003,0.5048159968596,1,1402
101,691,0,0,8
100,177,0.225625,2,0.5,0.09025,0.4,0.2,6
241,7
91,500003,0.27729347081729,1,348
88,500002,1.2708697017612,0,349
88,177,1,1,350
177,500002,1.2708697017612,0,351
144,500001,-0.91898607784835,1,1003
171,500004,-0.89120063879117,1,1004
74,177,0.2375,2,0.52631578947368,0.09025,0.4,0.21052631578947,8
241,7
91,500003,0.27729347081729,1,348
88,500002,1.2708697017612,1,349
88,177,1,1,350
177,500002,1.2708697017612,0,351
144,500001,-0.91898607784835,1,1003
171,500004,-0.89120063879117,1,1004
64,500005,-1.9861635714705,1,1204
56,500003,1.3384431113202,1,1205
74,178,0.2375,2,0.52631578947368,0.09025,0.38,0.19,12
241,7
279,126
91,500003,0.27729347081729,1,348
88,500002,1.2708697017612,1,349
88,177,1,0,350
177,500002,1.2708697017612,0,351
144,500001,-0.91898607784835,1,1003
171,500004,-0.89120063879117,1,1004
71,177,-0.70784058734208,1,1005
12,177,-1.2515258450301,1,1006
177,178,1,1,1007
178,500002,1.2708697017612,1,1008
46,500001,1.6514769381152,1,1206
121,500002,-0.75871909538224,1,1207
74,177,0.2375,2,0.58317538999854,0.095,0.4,0.19,10
241,7
91,500003,0.27729347081729,1,348
88,500002,1.2708697017612,1,349
88,177,1,1,350
177,500002,1.2708697017612,0,351
21,500004,0.29509985181275,1,993
45,500004,-0.83930089829457,1,994
144,500001,-0.91898607784835,1,1003
171,500004,-0.89120063879117,1,1004
147,500001,-0.39909421764272,1,1212
17,500001,0.35824051609181,1,1213
100,177,0.2375,1.805,0.52631578947368,0.095,0.42105263157895,0.171475,10
241,7
91,500003,0.27729347081729,1,348
88,500002,1.2708697017612,0,349
88,177,1,1,350
177,500002,1.2708697017612,1,351
77,177,-0.68569117909562,1,753
129,500002,-1.3725282695948,1,754
144,500001,-0.91898607784835,1,1003
171,500004,-0.89120063879117,1,1004
3,500002,-1.6334364487014,1,1225
104,500001,0.45855526368066,1,1226
94,177,0.225625,2.1052631578947,0.475,0.0857375,0.42105263157895,0.2,11
241,7
91,500003,0.27729347081729,1,348
88,500002,1.2708697017612,0,349
88,177,1,1,350
177,500002,1.2708697017612,1,351
66,500005,-0.10930664563054,1,755
21,500001,1.6165406683537,1,756
122,500001,1.4949302661326,1,757
144,500001,-0.91898607784835,1,1003
171,500004,-0.89120063879117,0,1004
17,500005,1.2782841042049,1,1412
33,500005,-1.1461419198411,1,1413
101,178,0.225625,2,0.52631578947368,0.095,0.42105263157895,0.21052631578947,12
241,7
317,130
91,500003,0.27729347081729,1,348
88,500002,1.2708697017612,0,349
88,177,1,1,350
177,500002,1.2708697017612,0,351
77,177,-0.68569117909562,1,753
129,500002,-1.3725282695948,1,754
144,500001,-0.91898607784835,1,1003
171,500004,-0.89120063879117,1,1004
79,500003,1.8179974387484,0,1420
176,500004,0.90963889048884,1,1421
79,178,1,1,1422
178,500003,1.8179974387484,1,1423
100,178,0.21434375,2.1052631578947,0.475,0.0857375,0.42105263157895,0.2,12
241,7
230,135
91,500003,0.27729347081729,1,348
88,500002,1.2708697017612,0,349
88,177,1,1,350
177,500002,1.2708697017612,1,351
77,177,-0.68569117909562,1,753
129,500002,-1.3725282695948,1,754
144,500001,-0.91898607784835,1,1003
171,500004,-0.89120063879117,1,1004
162,177,-0.1166346828065,0,1436
174,500003,1.67896212995,1,1437
162,178,1,1,1438
178,177,-0.1166346828065,1,1439
74,178,0.225625,2,0.5,0.09025,0.4,0.21052631578947,12
241,7
279,126
91,500003,0.27729347081729,1,348
88,500002,1.2708697017612,0,349
88,177,1,1,350
177,500002,1.2708697017612,0,351
144,500001,-0.91898607784835,1,1003
171,500004,-0.89120063879117,1,1004
71,177,-0.70784058734208,1,1005
12,177,-1.2515258450301,1,1006
177,178,1,1,1007
178,500002,1.2708697017612,1,1008
82,500004,1.9683029297592,1,1442
34,177,0.23914289578756,1,1443
131,82,1,1,1
82,177,0.2375,2.1052631578947,0.5,0.1,0.4432132963989,0.21052631578947,6
304,116
65,500003,0.87149726546905,1,102
149,500004,0.15708470635912,1,103
65,177,1,1,104
177,500003,0.87149726546905,1,105
81,500002,-1.6833939941988,1,1047
152,500005,1.4864610636078,1,1048
82,179,0.2375,2,0.475,0.095000000000003,0.46654031199884,0.2,15
304,116
276,177
202,157
65,500003,0.87149726546905,1,102
149,500004,0.15708470635912,1,103
65,177,1,1,104
177,500003,0.87149726546905,1,105
34,500004,-0.73016834572431,0,1029
152,500003,1.6950563880126,1,1030
55,500003,-0.082709309683512,1,1031
34,178,1,1,1032
178,500004,-0.73016834572431,0,1033
81,500002,-1.6833939941988,1,1047
152,500005,1.4864610636078,1,1048
117,500003,1.9016268625397,1,1256
95,500003,-1.0493792924329,1,1257
178,179,1,1,1258
179,500004,-0.73016834572431,1,1259
105,677,0,0,7
100,176,0.2375,1.9,0.5,0.095,0.4,0.19,4
81,500003,1.9828581046233,1,136
146,500004,1.4887807236467,0,137
22,500003,1.9081158088302,1,1071
131,500003,1.5159421858918,1,1072
100,176,0.2375,1.9,0.5,0.095,0.4,0.19,4
81,500003,1.9828581046233,1,136
146,500004,1.4887807236467,0,137
22,500003,1.9081158088302,1,1071
131,500003,1.5159421858918,1,1072
105,176,0.25,1.9,0.5,0.095,0.42105263157895,0.1805,8
81,500003,1.9828581046233,1,136
146,500004,1.4887807236467,1,137
115,500001,-0.79422395433962,1,1061
56,500004,1.5169237831221,1,1062
22,500003,1.9081158088302,1,1071
131,500003,1.5159421858918,1,1072
98,500005,-1.9259289744897,1,1267
119,500005,0.75058020220631,1,1268
100,177,0.25,2,0.5,0.09025,0.38,0.19,8
451,91
81,500003,1.9828581046233,1,136
146,500004,1.4887807236467,0,137
22,500003,1.9081158088302,1,1071
131,500003,1.5159421858918,1,1072
21,500002,0.85326916857309,0,1481
92,500004,-1.2221686259015,1,1482
21,177,1,1,1483
177,500002,0.85326916857309,1,1484
71,176,0.225625,1.9,0.475,0.09025,0.38,0.2,5
81,500003,1.9828581046233,0,136
146,500004,1.4887807236467,0,137
22,500003,1.9081158088302,1,1071
131,500003,1.5159421858918,1,1072
86,500001,0.98130905953297,1,1485
100,177,0.2375,1.9,0.52631578947368,0.09025,0.38,0.1805,8
368,49
81,500003,1.9828581046233,0,136
146,500004,1.4887807236467,0,137
22,500003,1.9081158088302,1,1071
131,500003,1.5159421858918,1,1072
12,500001,-1.7914361971391,1,1486
161,500001,-1.0309859002567,1,1487
81,177,1,1,1488
177,500003,1.9828581046233,1,1489
101,176,0.25,1.805,0.475,0.095,0.4,0.2,6
81,500003,1.9828581046233,1,136
146,500004,1.4887807236467,0,137
22,500003,1.9081158088302,1,1071
131,500003,1.5159421858918,1,1072
76,500004,-1.5939924901323,0,1490
148,500004,0.75770131813255,1,1491
100,177,0.25,1.9,0.5,0.09025,0.38,0.1805,7
277,74
81,500003,1.9828581046233,1,136
146,500004,1.4887807236467,1,137
22,500003,1.9081158088302,0,1071
131,500003,1.5159421858918,1,1072
111,500001,-1.410731432685,1,1492
22,177,1,1,1493
177,500003,1.9081158088302,1,1494
100,248,2,1,3
100,176,0.27700831024931,2.1052631578947,0.5,0.11080332409973,0.4,0.21052631578947,4
39,500003,0.52352347714991,1,67
7,500005,-0.2762041046639,1,68
53,500005,-1.7376976142347,1,866
6,500003,0.74456223228227,1,867
100,176,0.26315789473684,2.1052631578947,0.5,0.10526315789474,0.38,0.2,2
39,500003,0.52352347714991,1,67
7,500005,-0.2762041046639,0,68
72,176,0.26315789473684,2.2160664819944,0.5,0.11663507799971,0.38,0.2,7
39,500003,0.52352347714991,1,67
7,500005,-0.2762041046639,1,68
53,500005,-1.7376976142347,1,866
6,500003,0.74456223228227,1,867
140,500004,1.0256113405459,1,1278
29,500004,-0.50988327269903,1,1279
149,500001,0.51946539921661,1,1280
76,177,0.26315789473684,2,0.45125,0.10526315789474,0.361,0.2,10
365,41
39,500003,0.52352347714991,1,67
7,500005,-0.2762041046639,1,68
53,500005,-1.7376976142347,1,866
6,500003,0.74456223228227,1,867
117,500004,-1.5170891487585,1,878
136,500005,0.28049171635904,0,879
150,500004,1.8914488367231,1,1508
98,500002,0.64957636531888,1,1509
136,177,1,1,1510
177,500005,0.28049171635904,1,1511
100,244,2,1,4
100,176,0.26315789473684,2,0.52631578947368,0.1,0.42105263157895,0.2,4
35,500004,-1.2511710223049,1,352
12,500003,1.4769102760949,1,353
49,500002,-0.21200694246777,1,959
127,500003,-1.2549653571355,1,960
100,176,0.26315789473684,2.1052631578947,0.5,0.095,0.42105263157895,0.21052631578947,2
35,500004,-1.2511710223049,1,352
12,500003,1.4769102760949,1,353
0,176,0.26315789473684,1.9,0.45125,0.1,0.42105263157895,0.21052631578947,8
35,500004,-1.2511710223049,1,352
12,500003,1.4769102760949,0,353
49,500002,-0.21200694246777,1,959
127,500003,-1.2549653571355,1,960
37,500004,0.86143163538605,1,979
34,500003,0.40902461409989,1,980
79,500005,0.27206364784952,1,1289
129,500001,-1.0566758397299,1,1290
74,177,0.25,2.1052631578947,0.45125,0.095,0.4432132963989,0.2,10
346,29
35,500004,-1.2511710223049,1,352
12,500003,1.4769102760949,1,353
49,500002,-0.21200694246777,1,959
127,500003,-1.2549653571355,1,960
60,500005,0.62372413772332,0,965
113,500001,-0.49978491780338,0,966
153,500002,0.62387697520846,0,1291
169,500002,0.86700627154997,1,1292
153,177,1,1,1293
177,500002,0.62387697520846,1,1294
70,177,0.26315789473684,2.1052631578947,0.55401662049862,0.1,0.4,0.2,8
349,190
35,500004,-1.2511710223049,1,352
12,500003,1.4769102760949,1,353
49,500002,-0.21200694246777,1,959
127,500003,-1.2549653571355,1,960
85,500002,1.543545743238,0,1512
24,500005,-1.348669543559,1,1513
85,177,1,1,1514
177,500002,1.543545743238,1,1515
100,0,1,1,0
23,178,0.25,1.9,0.55401662049861,0.10526315789474,0.4,0.21052631578947,8
254,52
328,151
157,500003,1.7065741008644,1,114
49,500003,1.5178072301288,1,115
157,177,1,0,116
177,500003,1.7065741008644,1,117
53,500002,-0.69787209792895,1,1097
142,500005,-0.98975951363787,0,1098
157,178,1,1,1099
178,177,1,0,1100
109,419,1,1,4
109,177,0.27700831024931,2.1052631578947,0.5,0.1,0.38,0.19,6
418,1
39,500003,0.52352347714991,1,67
7,500005,-0.2762041046639,1,68
85,500004,1.8951201978583,0,604
172,500002,0.41889067293093,1,605
85,177,1,1,606
177,500004,1.8951201978583,1,607
109,177,0.27700831024931,2.1052631578947,0.5,0.1,0.38,0.19,6
418,1
39,500003,0.52352347714991,1,67
7,500005,-0.2762041046639,1,68
85,500004,1.8951201978583,0,604
172,500002,0.41889067293093,1,605
85,177,1,1,606
177,500004,1.8951201978583,1,607
100,178,0.26315789473684,2,0.475,0.1,0.38,0.2,10
418,1
233,55
39,500003,0.52352347714991,1,67
7,500005,-0.2762041046639,1,68
85,500004,1.8951201978583,0,604
172,500002,0.41889067293093,1,605
85,177,1,0,606
177,500004,0.36520665062834,1,607
153,500005,-1.7256674821142,0,1303
174,500005,-0.37713027297386,1,1304
153,178,1,1,1305
178,500005,-1.7256674821142,1,1306
109,178,0.29158769499927,2,0.5,0.1,0.361,0.19,10
418,1
374,121
39,500003,0.52352347714991,1,67
7,500005,-0.2762041046639,1,68
85,500004,1.8951201978583,0,604
172,500002,0.41889067293093,1,605
85,177,1,1,606
177,500004,1.8951201978583,1,607
77,177,-0.12601633841452,1,1531
93,500001,-1.6274929994845,1,1532
85,178,1,1,1533
178,500004,1.8951201978583,0,1534
101,178,0.29158769499927,2.2160664819944,0.5,0.095000000000003,0.38,0.2,11
418,1
475,55
39,500003,0.52352347714991,1,67
7,500005,-0.2762041046639,1,68
85,500004,1.8951201978583,0,604
172,500002,0.41889067293093,1,605
85,177,1,1,606
177,500004,1.8951201978583,1,607
137,500004,1.3600937460363,1,1535
85,500004,0.41355208419894,1,1536
4,500003,-0.24996515840756,1,1537
7,178,1,0,1538
178,500005,-0.2762041046639,1,1539
58,201,0,0,4
56,176,0.27700831024931,2,0.475,0.1,0.4,0.21052631578947,4
124,500003,0.54150438613328,1,61
71,500004,-0.8129917973713,1,62
174,500005,1.5917358098513,1,821
151,500003,0.86926376394428,1,822
56,176,0.27700831024931,2,0.475,0.1,0.4,0.21052631578947,4
124,500003,0.54150438613328,1,61
71,500004,-0.8129917973713,1,62
174,500005,1.5917358098513,1,821
151,500003,0.86926376394428,1,822
58,176,0.29158769499927,2,0.45125,0.1,0.38,0.22160664819945,8
124,500003,0.54150438613328,1,61
71,500004,-0.8129917973713,1,62
174,500005,1.5917358098513,1,821
151,500003,0.86926376394428,1,822
158,500005,0.53743225267969,1,1089
161,500003,1.478321177642,1,1090
154,500001,-1.7893190345677,1,1307
174,500005,0.38092667720324,1,1308
31,176,0.26315789473684,1.9,0.475,0.10526315789474,0.42105263157895,0.21052631578947,6
124,500003,0.54150438613328,1,61
71,500004,-0.8129917973713,1,62
174,500005,1.5917358098513,0,821
151,500003,0.86926376394428,1,822
159,500005,-0.010476917964629,1,1540
116,500004,0.81653783787812,1,1541
56,176,0.29158769499927,1.9,0.5,0.10526315789474,0.42105263157895,0.2,6
124,500003,0.54150438613328,1,61
71,500004,-0.8129917973713,1,62
174,500005,1.5917358098513,1,821
151,500003,0.86926376394428,1,822
149,500004,-0.35160677989554,1,1542
135,500001,-1.0664122435574,1,1543
100,300,1,1,3
100,177,0.27700831024931,2,0.5,0.10526315789474,0.361,0.21052631578947,6
487,60
39,500003,0.52352347714991,1,67
7,500005,-0.2762041046639,0,68
116,500004,-0.88114676944965,0,613
134,500003,1.8811906855,1,614
116,177,1,1,615
177,500004,-0.88114676944965,1,616
100,177,0.27700831024931,2,0.5,0.10526315789474,0.361,0.21052631578947,6
487,60
39,500003,0.52352347714991,1,67
7,500005,-0.2762041046639,0,68
116,500004,-0.88114676944965,0,613
134,500003,1.8811906855,1,614
116,177,1,1,615
177,500004,-0.88114676944965,1,616
100,178,0.27700831024931,1.9,0.5,0.10526315789474,0.361,0.2,10
487,60
349,38
39,500003,0.52352347714991,1,67
7,500005,-0.2762041046639,0,68
116,500004,-0.88114676944965,0,613
134,500003,1.8811906855,1,614
116,177,1,1,615
177,500004,-0.88114676944965,1,616
68,500002,-1.043117962332,1,1309
60,500005,1.7712718572285,1,1310
116,178,1,1,1311
178,500004,-0.88114676944965,0,1312
100,178,0.26315789473684,2,0.475,0.10526315789474,0.361,0.21052631578947,10
487,60
288,157
39,500003,0.52352347714991,0,67
7,500005,-0.2762041046639,0,68
116,500004,-0.88114676944965,0,613
134,500003,1.8811906855,0,614
116,177,1,1,615
177,500004,-0.88114676944965,1,616
38,500005,0.88979528047601,1,1544
73,500002,-1.7037824614457,1,1545
39,178,1,1,1546
178,500003,0.52352347714991,1,1547
114,314,0,0,3
100,177,0.225625,2,0.475,0.095,0.361,0.2,6
372,16
3,500003,-1.1704965341699,0,542
134,500003,1.7792558426872,1,543
53,500003,1.1673897165653,0,1121
25,500004,0.13608660275866,1,1122
53,177,1,1,1123
177,500003,1.1673897165653,1,1124
100,177,0.225625,2,0.475,0.095,0.361,0.2,6
372,16
3,500003,-1.1704965341699,0,542
134,500003,1.7792558426872,1,543
53,500003,1.1673897165653,0,1121
25,500004,0.13608660275866,1,1122
53,177,1,1,1123
177,500003,1.1673897165653,1,1124
114,177,0.2375,2,0.45125,0.1,0.361,0.2,8
372,16
3,500003,-1.1704965341699,0,542
134,500003,1.7792558426872,1,543
53,500003,1.1673897165653,0,1121
25,500004,0.13608660275866,1,1122
53,177,1,1,1123
177,500003,1.1673897165653,1,1124
1,177,-1.8986329771106,0,1313
149,500004,1.1653436604726,1,1314
100,177,0.225625,2.1052631578947,0.5,0.09025,0.361,0.2,8
372,16
3,500003,-1.1704965341699,0,542
134,500003,1.7792558426872,0,543
53,500003,1.1673897165653,1,1121
25,500004,0.13608660275866,1,1122
53,177,1,1,1123
177,500003,1.1673897165653,1,1124
49,177,-1.7778015992501,1,1548
66,500001,-1.6515114063637,1,1549
100,300,1,1,3
100,177,0.26315789473684,2.2160664819944,0.52631578947368,0.10526315789474,0.4,0.21052631578947,6
452,128
39,500003,0.52352347714991,1,67
7,500005,-0.2762041046639,0,68
5,500005,-0.90744269588377,1,890
137,500003,0.43327338548064,1,891
7,177,1,1,892
177,500005,-0.2762041046639,1,893
100,177,0.26315789473684,2.2160664819944,0.52631578947368,0.10526315789474,0.4,0.21052631578947,6
452,128
39,500003,0.52352347714991,1,67
7,500005,-0.2762041046639,0,68
5,500005,-0.90744269588377,1,890
137,500003,0.43327338548064,1,891
7,177,1,1,892
177,500005,-0.2762041046639,1,893
100,178,0.26315789473684,2.1052631578947,0.5,0.10526315789474,0.42105263157895,0.22160664819945,10
452,128
273,127
39,500003,0.52352347714991,1,67
7,500005,-0.2762041046639,0,68
5,500005,-0.90744269588377,1,890
137,500003,0.43327338548064,1,891
7,177,1,1,892
177,500005,-0.2762041046639,1,893
49,500004,-1.3513012786169,1,1315
95,500004,-1.4359835104253,0,1316
95,178,1.0524747243003,1,1317
178,500004,-1.4359835104253,0,1318
100,177,0.27700831024931,2.1052631578947,0.5,0.10526315789474,0.4,0.2,8
452,128
39,500003,0.52352347714991,1,67
7,500005,-0.2762041046639,0,68
5,500005,-0.90744269588377,1,890
137,500003,0.43327338548064,1,891
7,177,1,1,892
177,500005,-0.2762041046639,1,893
5,500003,1.594488957708,1,1550
58,500002,-1.5840504558683,1,1551
100,206,1,1,3
100,177,0.27700831024931,2.2160664819944,0.52631578947368,0.1,0.361,0.19,6
388,57
39,500003,0.52352347714991,0,67
7,500005,-0.2762041046639,0,68
160,500004,-0.0039132321271642,1,899
12,500005,-0.34591770281359,1,900
39,177,1,1,901
177,500003,0.52352347714991,1,902
100,177,0.27700831024931,2.2160664819944,0.52631578947368,0.1,0.361,0.19,6
388,57
39,500003,0.52352347714991,0,67
7,500005,-0.2762041046639,0,68
160,500004,-0.0039132321271642,1,899
12,500005,-0.34591770281359,1,900
39,177,1,1,901
177,500003,0.52352347714991,1,902
100,177,0.29158769499927,2.1052631578947,0.52631578947368,0.095000000000003,0.34295,0.1805,8
388,57
39,500003,0.52352347714991,0,67
7,500005,-0.2762041046639,0,68
160,500004,-0.0039132321271642,1,899
12,500005,-0.34591770281359,1,900
39,177,1,1,901
177,500003,0.52352347714991,1,902
8,500005,-0.39511755779158,1,1319
34,500003,0.35903326159298,0,1320
6,178,0.27700831024931,2.3327015599941,0.5,0.1,0.34295,0.19,11
388,57
323,152
39,500003,0.52352347714991,0,67
7,500005,-0.2762041046639,0,68
160,500004,-0.0039132321271642,1,899
12,500005,-0.34591770281359,1,900
39,177,1,1,901
177,500003,0.52352347714991,1,902
4,500001,0.40239357873909,0,1552
81,177,1.8261494654353,1,1553
144,177,-1.9574338048498,1,1554
39,178,1,1,1555
178,500003,0.52352347714991,0,1556
100,300,1,1,3
100,177,0.27700831024931,2,0.52631578947368,0.09025,0.42105263157895,0.2,6
374,51
35,500004,-1.2511710223049,1,352
12,500003,1.4769102760949,1,353
45,500004,0.65407826688796,1,717
104,500003,1.0036275661567,0,718
104,177,1,1,719
177,500003,1.0036275661567,1,720
100,177,0.27700831024931,2,0.52631578947368,0.09025,0.42105263157895,0.2,6
374,51
35,500004,-1.2511710223049,1,352
12,500003,1.4769102760949,1,353
45,500004,0.65407826688796,1,717
104,500003,1.0036275661567,0,718
104,177,1,1,719
177,500003,1.0036275661567,1,720
100,177,0.27700831024931,1.9,0.52631578947368,0.095,0.4432132963989,0.21052631578947,8
374,51
35,500004,-1.2511710223049,1,352
12,500003,1.4769102760949,1,353
45,500004,0.65407826688796,1,717
104,500003,1.0036275661567,0,718
104,177,1,1,719
177,500003,1.0036275661567,1,720
77,177,1.8962816227792,1,1321
161,500003,0.82537106556137,1,1322
100,178,0.29158769499927,2.1052631578947,0.5,0.09025,0.42105263157895,0.21052631578947,10
374,51
490,126
35,500004,-1.2511710223049,1,352
12,500003,1.4769102760949,1,353
45,500004,0.65407826688796,1,717
104,500003,1.0036275661567,1,718
104,177,1,1,719
177,500003,1.0036275661567,1,720
3,500001,-1.5022702848084,1,1557
45,500003,-0.32675838206278,0,1558
45,178,1,1,1559
178,500003,-0.32675838206278,1,1560
100,300,1,1,3
100,177,0.26315789473684,2.2160664819944,0.52631578947368,0.10526315789474,0.4,0.21052631578947,7
483,109
39,500003,0.52352347714991,1,67
7,500005,-0.2762041046639,1,68
152,500002,-1.6836035659926,1,595
84,500002,-0.27050845616986,0,596
98,500001,-1.3772042092761,1,597
84,177,1,1,598
177,500002,-0.27050845616986,1,599
100,177,0.26315789473684,2.2160664819944,0.52631578947368,0.10526315789474,0.4,0.21052631578947,7
483,109
39,500003,0.52352347714991,1,67
7,500005,-0.2762041046639,1,68
152,500002,-1.6836035659926,1,595
84,500002,-0.27050845616986,0,596
98,500001,-1.3772042092761,1,597
84,177,1,1,598
177,500002,-0.27050845616986,1,599
100,178,0.25,2.1052631578947,0.5,0.10526315789474,0.38,0.22160664819945,12
483,109
365,75
39,500003,0.52352347714991,1,67
7,500005,-0.2762041046639,1,68
152,500002,-1.6836035659926,1,595
84,500002,-0.27050845616986,1,596
98,500001,-1.3772042092761,1,597
84,177,1,1,598
177,500002,-0.27050845616986,1,599
100,500005,1.4904082750391,1,1323
41,177,-0.39107460267426,1,1324
24,177,-1.4780892392053,0,1325
24,178,1,1,1326
178,177,-1.4780892392053,1,1327
100,178,0.26315789473684,2.2160664819944,0.52631578947368,0.1,0.42105263157895,0.21052631578947,11
483,109
317,20
39,500003,0.52352347714991,0,67
7,500005,-0.2762041046639,1,68
152,500002,-1.6836035659926,1,595
84,500002,-0.27050845616986,0,596
98,500001,-1.3772042092761,1,597
84,177,1,1,598
177,500002,-0.27050845616986,1,599
8,500002,-1.3808466137298,1,1561
93,500001,0.022269328135191,1,1562
39,178,1,1,1563
178,500003,0.52352347714991,1,1564
100,274,1,1,3
100,177,0.25,2.2160664819944,0.475,0.1,0.4432132963989,0.22160664819944,6
480,169
35,500004,-1.2511710223049,1,352
12,500003,1.4769102760949,1,353
169,500001,1.7447749449614,0,948
164,500005,-1.0652874573438,1,949
169,177,1,1,950
177,500001,1.7447749449614,1,951
100,177,0.25,2.2160664819944,0.475,0.1,0.4432132963989,0.22160664819944,6
480,169
35,500004,-1.2511710223049,1,352
12,500003,1.4769102760949,1,353
169,500001,1.7447749449614,0,948
164,500005,-1.0652874573438,1,949
169,177,1,1,950
177,500001,1.7447749449614,1,951
100,177,0.25,2.1052631578947,0.5,0.1,0.4432132963989,0.22160664819944,8
480,169
35,500004,-1.2511710223049,1,352
12,500003,1.4769102760949,1,353
169,500001,1.7447749449614,1,948
164,500005,-1.0652874573438,1,949
169,177,1,1,950
177,500001,1.7447749449614,1,951
28,500001,-0.65376448568598,1,1328
15,177,1.04622466259,1,1329
74,178,0.2375,2.2160664819944,0.5,0.095,0.42105263157895,0.23327015599941,10
480,169
233,177
35,500004,-1.2511710223049,1,352
12,500003,1.4769102760949,1,353
169,500001,1.7447749449614,0,948
164,500005,-1.0652874573438,1,949
169,177,1,1,950
177,500001,1.7447749449614,1,951
63,177,1.6065877709499,1,1565
50,500003,-1.6540623063473,0,1566
50,178,1,1,1567
178,500003,-1.6540623063473,0,1568
100,270,1,1,3
100,177,0.25,2.1052631578947,0.5,0.1,0.4432132963989,0.21052631578947,6
449,80
35,500004,-1.2511710223049,0,352
12,500003,1.4769102760949,1,353
13,500005,0.69892503446849,1,704
162,500003,-1.9025445598655,1,705
35,177,1,1,706
177,500004,-1.2511710223049,1,707
100,177,0.25,2.1052631578947,0.5,0.1,0.4432132963989,0.21052631578947,6
449,80
35,500004,-1.2511710223049,0,352
12,500003,1.4769102760949,1,353
13,500005,0.69892503446849,1,704
162,500003,-1.9025445598655,1,705
35,177,1,1,706
177,500004,-1.2511710223049,1,707
70,177,0.25,2.1052631578947,0.475,0.1,0.42105263157895,0.22160664819944,8
449,80
35,500004,-1.2511710223049,0,352
12,500003,1.4769102760949,1,353
13,500005,0.69892503446849,0,704
162,500003,-1.9025445598655,1,705
35,177,1.0447334781963,1,706
177,500004,-1.2511710223049,1,707
150,500002,1.9947466440474,1,1330
69,500002,-0.061940931743915,1,1331
100,177,0.2375,2.1052631578947,0.5,0.095,0.46654031199884,0.22160664819944,8
449,80
35,500004,-1.2511710223049,0,352
12,500003,1.4769102760949,1,353
13,500005,0.69892503446849,1,704
162,500003,-1.9025445598655,1,705
35,177,1,1,706
177,500004,-1.2511710223049,1,707
144,500003,0.40957087949364,1,1569
119,500004,1.2978213947722,1,1570
100,220,1,1,3
100,177,0.25,2.1052631578947,0.5,0.10526315789474,0.38,0.21052631578947,6
271,69
39,500003,0.52352347714991,1,67
7,500005,-0.2762041046639,0,68
117,500002,-1.0994142513254,1,874
30,500005,0.4592324208744,0,875
30,177,1,0,876
177,500005,0.39947530528212,1,877
100,177,0.25,2.1052631578947,0.5,0.10526315789474,0.38,0.21052631578947,6
271,69
39,500003,0.52352347714991,1,67
7,500005,-0.2762041046639,0,68
117,500002,-1.0994142513254,1,874
30,500005,0.4592324208744,0,875
30,177,1,0,876
177,500005,0.39947530528212,1,877
20,178,0.25,2,0.475,0.11080332409973,0.4,0.21052631578947,10
271,69
319,119
39,500003,0.52352347714991,1,67
7,500005,-0.2762041046639,0,68
117,500002,-1.0994142513254,1,874
30,500005,0.4592324208744,0,875
30,177,1,0,876
177,500005,0.39947530528212,1,877
157,500002,-1.9011578131007,1,1332
99,500003,-1.3626301078011,1,1333
30,178,1,1,1334
178,177,1,0,1335
100,177,0.2375,2.2160664819944,0.475,0.1,0.361,0.2,8
271,69
39,500003,0.52352347714991,1,67
7,500005,-0.2762041046639,0,68
117,500002,-1.0994142513254,1,874
30,500005,0.4592324208744,1,875
30,177,1,0,876
177,500005,0.39947530528212,1,877
161,500001,-1.163056501729,1,1571
56,500004,1.3841785971933,1,1572
100,300,1,1,3
100,177,0.27700831024931,2.1052631578947,0.475,0.1,0.38,0.2,6
246,69
39,500003,0.52352347714991,1,67
7,500005,-0.2762041046639,0,68
104,500003,1.9595967791786,1,884
137,500001,-1.8251653964748,1,885
7,177,1.0036638292035,1,886
177,500005,-0.2762041046639,0,887
100,177,0.27700831024931,2.1052631578947,0.475,0.1,0.38,0.2,6
246,69
39,500003,0.52352347714991,1,67
7,500005,-0.2762041046639,0,68
104,500003,1.9595967791786,1,884
137,500001,-1.8251653964748,1,885
7,177,1.0036638292035,1,886
177,500005,-0.2762041046639,0,887
100,178,0.27700831024931,2,0.475,0.10526315789474,0.38,0.2,10
246,69
240,61
39,500003,0.52352347714991,1,67
7,500005,-0.2762041046639,0,68
104,500003,1.9595967791786,0,884
137,500001,-1.8251653964748,1,885
7,177,1.0036638292035,1,886
177,500005,-0.2762041046639,0,887
85,500004,-1.3478786830548,1,1336
47,500002,-1.8853359016987,0,1337
104,178,1,1,1338
178,500003,1.9595967791786,1,1339
100,178,0.27700831024931,2,0.45125,0.095000000000003,0.38,0.21052631578947,10
246,69
466,142
39,500003,0.52352347714991,1,67
7,500005,-0.2762041046639,0,68
104,500003,1.9595967791786,1,884
137,500001,-1.8251653964748,1,885
7,177,1.0036638292035,1,886
177,500005,-0.2762041046639,0,887
68,500003,-0.10291800932163,0,1573
15,500005,1.3458012134516,1,1574
68,178,1,1,1575
178,500003,-0.10291800932163,1,1576
100,300,1,1,3
100,177,0.26315789473684,2.1052631578947,0.475,0.095,0.4432132963989,0.22160664819944,6
332,166
35,500004,-1.2511710223049,1,352
12,500003,1.4769102760949,1,353
6,500005,-1.8674524183699,0,698
18,500005,0.10138410427672,1,699
6,177,1,1,700
177,500005,-1.8674524183699,0,701
100,177,0.26315789473684,2.1052631578947,0.475,0.095,0.4432132963989,0.22160664819944,6
332,166
35,500004,-1.2511710223049,1,352
12,500003,1.4769102760949,1,353
6,500005,-1.8674524183699,0,698
18,500005,0.10138410427672,1,699
6,177,1,1,700
177,500005,-1.8674524183699,0,701
100,177,0.26315789473684,2.1052631578947,0.475,0.09025,0.46654031199884,0.22160664819944,8
332,166
35,500004,-1.2511710223049,1,352
12,500003,1.4769102760949,1,353
6,500005,-1.8674524183699,0,698
18,500005,0.10138410427672,1,699
6,177,1,1,700
177,500005,-1.8674524183699,0,701
19,500003,-0.49979110923586,1,1340
86,500005,-1.8004045075739,0,1341
100,177,0.26315789473684,2.1052631578947,0.475,0.095,0.46654031199884,0.23327015599941,8
332,166
35,500004,-1.2511710223049,0,352
12,500003,1.4769102760949,1,353
6,500005,-1.8674524183699,1,698
18,500005,0.10138410427672,1,699
6,177,1,1,700
177,500005,-1.8674524183699,0,701
110,500002,0.57081020929423,1,1577
14,500002,-0.61909913393627,1,1578
87,174,1,1,3
87,177,0.2375,1.9,0.475,0.09025,0.42105263157895,0.2,6
392,169
81,500003,2.0672665227966,1,136
146,500004,1.4887807236467,0,137
171,500005,-1.7733553758698,1,799
15,500002,0.86770806036317,1,800
146,177,1,1,801
177,500004,1.4887807236467,1,802
87,177,0.2375,1.9,0.475,0.09025,0.42105263157895,0.2,6
392,169
81,500003,2.0672665227966,1,136
146,500004,1.4887807236467,0,137
171,500005,-1.7733553758698,1,799
15,500002,0.86770806036317,1,800
146,177,1,1,801
177,500004,1.4887807236467,1,802
26,177,0.225625,1.9,0.475,0.09025,0.4432132963989,0.19,8
392,169
81,500003,2.0672665227966,1,136
146,500004,1.4887807236467,0,137
171,500005,-1.7733553758698,1,799
15,500002,0.86770806036317,1,800
146,177,1,1,801
177,500004,1.4887807236467,1,802
72,177,-1.297983493329,1,1342
72,500002,0.36979292070949,1,1343
61,178,0.225625,2,0.45125,0.095,0.42105263157895,0.21052631578947,10
392,169
384,28
81,500003,2.0672665227966,1,136
146,500004,1.4887807236467,0,137
171,500005,-1.7733553758698,1,799
15,500002,0.86770806036317,0,800
146,177,1,1,801
177,500004,1.4887807236467,0,802
8,177,-1.5156682168672,1,1579
122,500002,-0.39356600232123,1,1580
177,178,1,1,1581
178,500004,1.4887807236467,1,1582
100,248,0,0,3
74,177,0.26315789473684,2.1052631578947,0.52631578947368,0.1,0.4432132963989,0.22160664819944,6
222,48
35,500004,-1.2511710223049,1,352
12,500003,1.4769102760949,1,353
16,500001,1.6215351520207,0,721
121,500002,1.6020458115274,1,722
16,177,1,0,723
177,500001,1.6215351520207,1,724
74,177,0.26315789473684,2.1052631578947,0.52631578947368,0.1,0.4432132963989,0.22160664819944,6
222,48
35,500004,-1.2511710223049,1,352
12,500003,1.4769102760949,1,353
16,500001,1.6215351520207,0,721
121,500002,1.6020458115274,1,722
16,177,1,0,723
177,500001,1.6215351520207,1,724
100,178,0.27700831024931,2,0.52631578947368,0.095,0.4432132963989,0.21052631578947,10
222,48
440,1
35,500004,-1.2511710223049,1,352
12,500003,1.4769102760949,1,353
16,500001,1.6215351520207,0,721
121,500002,1.6020458115274,0,722
16,177,1,0,723
177,500001,1.6215351520207,1,724
60,500005,0.065696119361415,1,1344
53,500001,-1.9146069585879,1,1345
16,178,1,1,1346
178,500001,1.6215351520207,0,1347
74,177,0.27700831024931,2.2160664819944,0.55401662049862,0.095,0.42105263157895,0.23327015599941,8
222,48
35,500004,-1.2511710223049,1,352
12,500003,1.4769102760949,1,353
16,500001,1.6215351520207,1,721
121,500002,1.6020458115274,1,722
16,177,1,1,723
177,500001,1.6215351520207,1,724
57,500003,1.8319237492196,1,1583
42,500001,0.80062355231523,1,1584
74,216,1,1,3
74,177,0.27700831024931,2.2160664819944,0.52631578947368,0.10526315789474,0.4,0.19,6
439,108
39,500003,0.52352347714991,0,67
7,500005,-0.2762041046639,0,68
151,500002,1.1669578548367,1,617
40,500004,-1.600517405011,1,618
39,177,1,1,619
177,500003,0.52352347714991,1,620
74,177,0.27700831024931,2.2160664819944,0.52631578947368,0.10526315789474,0.4,0.19,6
439,108
39,500003,0.52352347714991,0,67
7,500005,-0.2762041046639,0,68
151,500002,1.1669578548367,1,617
40,500004,-1.600517405011,1,618
39,177,1,1,619
177,500003,0.52352347714991,1,620
68,178,0.26315789473684,2.2160664819944,0.55401662049862,0.10526315789474,0.38,0.19,10
439,108
243,145
39,500003,0.52352347714991,1,67
7,500005,-0.2762041046639,0,68
151,500002,1.1669578548367,1,617
40,500004,-1.600517405011,1,618
39,177,1,1,619
177,500003,0.52352347714991,0,620
45,500004,1.2273051716514,1,1348
136,500005,1.1117970529533,1,1349
177,178,1,1,1350
178,500003,0.52352347714991,1,1351
74,178,0.27700831024931,2.3327015599941,0.52631578947368,0.10526315789474,0.42105263157895,0.2,10
439,108
460,18
39,500003,0.52352347714991,0,67
7,500005,-0.2762041046639,1,68
151,500002,1.1669578548367,1,617
40,500004,-1.600517405011,1,618
39,177,1,0,619
177,500003,0.52352347714991,1,620
69,500004,0.77242437320409,1,1585
101,500004,0.69927905998159,0,1586
39,178,1,1,1587
178,177,1,1,1588
74,222,1,1,3
74,177,0.27700831024931,2.1052631578947,0.475,0.1,0.4,0.2,6
467,64
39,500003,0.52352347714991,1,67
7,500005,-0.2762041046639,0,68
80,500001,1.2920981660914,1,880
47,500005,0.059534111087925,0,881
47,177,1,1,882
177,500005,0.059534111087925,1,883
74,177,0.27700831024931,2.1052631578947,0.475,0.1,0.4,0.2,6
467,64
39,500003,0.52352347714991,1,67
7,500005,-0.2762041046639,0,68
80,500001,1.2920981660914,1,880
47,500005,0.059534111087925,0,881
47,177,1,1,882
177,500005,0.059534111087925,1,883
74,178,0.27700831024931,2.2160664819944,0.45125,0.095000000000003,0.4,0.19,10
467,64
445,31
39,500003,0.52352347714991,0,67
7,500005,-0.2762041046639,0,68
80,500001,1.2920981660914,1,880
47,500005,0.059534111087925,0,881
47,177,1,1,882
177,500005,0.059534111087925,1,883
126,500005,-0.43856827096947,1,1352
34,500001,-1.2049792032712,1,1353
39,178,1,1,1354
178,500003,0.52352347714991,1,1355
74,178,0.29158769499927,2,0.5,0.1,0.38,0.19,10
467,64
294,49
39,500003,0.52352347714991,1,67
7,500005,-0.2762041046639,0,68
80,500001,1.2920981660914,0,880
47,500005,0.059534111087925,0,881
47,177,1,1,882
177,500005,0.059534111087925,1,883
165,500005,-1.3913729597774,1,1589
104,500001,1.8726665954444,1,1590
80,178,1,1,1591
178,500001,1.2920981660914,1,1592
74,222,1,1,3
74,176,0.26315789473684,2.1052631578947,0.52631578947368,0.11080332409973,0.4,0.2,4
122,500001,0.1558538996605,1,515
136,500003,0.86105590260637,1,516
12,500003,1.4363970847039,1,852
68,500005,-0.13081197912377,1,853
74,176,0.26315789473684,2.1052631578947,0.52631578947368,0.11080332409973,0.4,0.2,4
122,500001,0.1558538996605,1,515
136,500003,0.86105590260637,1,516
12,500003,1.4363970847039,1,852
68,500005,-0.13081197912377,1,853
74,176,0.25,2.2160664819945,0.55401662049861,0.11080332409973,0.42105263157895,0.19,6
122,500001,0.1558538996605,1,515
136,500003,0.86105590260637,1,516
12,500003,1.4363970847039,1,852
68,500005,-0.13081197912377,1,853
76,500001,-1.5137335693062,1,1356
53,500002,-0.57581494682274,1,1357
74,177,0.25,2.1052631578947,0.5,0.11080332409973,0.4,0.19,8
392,173
122,500001,0.1746449434132,1,515
136,500003,0.86105590260637,1,516
12,500003,1.4363970847039,1,852
68,500005,-0.13081197912377,1,853
29,500004,-0.067401965180133,0,1593
4,500005,0.65115645278765,1,1594
29,177,1,1,1595
177,500004,-0.067401965180133,1,1596
100,248,0,0,3
74,177,0.25,2.2160664819944,0.5,0.1,0.42105263157895,0.2,7
386,184
35,500004,-1.2511710223049,1,352
12,500003,1.4769102760949,1,353
30,500003,1.1550650480925,0,682
14,500001,-1.4698645935719,1,683
64,500002,0.51725705643988,1,684
30,177,1,1,685
177,500003,1.1550650480925,1,686
74,177,0.25,2.2160664819944,0.5,0.1,0.42105263157895,0.2,7
386,184
35,500004,-1.2511710223049,1,352
12,500003,1.4769102760949,1,353
30,500003,1.1550650480925,0,682
14,500001,-1.4698645935719,1,683
64,500002,0.51725705643988,1,684
30,177,1,1,685
177,500003,1.1550650480925,1,686
100,177,0.26315789473684,2.3327015599941,0.5,0.10526315789474,0.4432132963989,0.21052631578947,10
386,184
35,500004,-1.3313513901402,1,352
12,500003,1.4769102760949,1,353
30,500003,1.1550650480925,1,682
14,500001,-1.4698645935719,1,683
64,500002,0.51725705643988,0,684
30,177,1,1,685
177,500003,1.1550650480925,1,686
92,500001,-0.57798524507228,1,1358
93,500005,0.11940133484053,1,1359
133,500005,1.5191688274588,1,1360
74,178,0.25,2.1052631578947,0.52631578947368,0.095,0.42105263157895,0.21052631578947,11
386,184
411,92
35,500004,-1.2511710223049,1,352
12,500003,1.4769102760949,1,353
30,500003,1.1550650480925,1,682
14,500001,-1.4698645935719,1,683
64,500002,0.51725705643988,0,684
30,177,1,1,685
177,500003,1.1550650480925,1,686
45,500004,1.1142346260647,1,1597
30,500005,0.50694721681389,1,1598
64,178,1,1,1599
178,500002,0.51725705643988,1,1600
41,0,1,1,0
31,176,0.25,1.9,0.5,0.1,0.42105263157895,0.21052631578947,4
149,500003,1.1027597706312,1,237
59,500001,1.3652080201382,0,238
67,500005,1.9676294606028,1,1127
141,500002,-1.0128474473082,1,1128
71,142,1,1,2
71,177,0.25,2,0.475,0.11080332409973,0.38,0.19,6
379,33
39,500003,0.52352347714991,1,67
7,500005,-0.2762041046639,1,68
112,500001,0.010341607970345,1,621
19,500003,-1.7250192536623,0,622
19,177,1,1,623
177,500003,-1.7250192536623,1,624
71,177,0.25,2,0.475,0.11080332409973,0.38,0.19,6
379,33
39,500003,0.52352347714991,1,67
7,500005,-0.2762041046639,1,68
112,500001,0.010341607970345,1,621
19,500003,-1.7250192536623,0,622
19,177,1,1,623
177,500003,-1.7250192536623,1,624
71,178,0.2375,2.1052631578947,0.5,0.10526315789474,0.4,0.1805,10
379,33
279,89
39,500003,0.52352347714991,1,67
7,500005,-0.2762041046639,1,68
112,500001,0.010341607970345,1,621
19,500003,-1.7250192536623,0,622
19,177,1,0,623
177,500003,-1.7250192536623,1,624
160,177,-0.42756885775717,0,1605
177,500004,1.1633445486256,1,1606
19,178,1,1,1607
178,177,1,1,1608
68,136,1,1,2
68,177,0.25,2.2160664819944,0.475,0.095,0.4,0.22160664819944,6
351,74
35,500004,-1.2511710223049,1,352
12,500003,1.4769102760949,0,353
34,500002,-1.3497974031371,1,975
84,500002,1.2437757361884,1,976
12,177,1,1,977
177,500003,1.4769102760949,1,978
68,177,0.25,2.2160664819944,0.475,0.095,0.4,0.22160664819944,6
351,74
35,500004,-1.2511710223049,1,352
12,500003,1.4769102760949,0,353
34,500002,-1.3497974031371,1,975
84,500002,1.2437757361884,1,976
12,177,1,1,977
177,500003,1.4769102760949,1,978
68,177,0.26315789473684,2.2160664819944,0.475,0.095,0.42105263157895,0.22160664819944,9
351,74
35,500004,-1.2511710223049,1,352
12,500003,1.4769102760949,0,353
34,500002,-1.3497974031371,1,975
84,500002,1.2437757361884,1,976
12,177,1,1,977
177,500003,1.5654169892569,1,978
112,500004,1.3168491736599,1,1609
144,500004,-1.3289942347114,1,1610
80,500001,0.63445977244268,1,1611
110,171,0,0,2
61,177,0.25,1.805,0.5,0.095,0.42105263157895,0.19,6
354,125
81,500003,1.9828581046233,1,136
146,500004,1.4887807236467,1,137
47,500001,-0.83135210109472,1,1063
124,500003,1.8774507827486,0,1064
124,177,1,1,1065
177,500003,1.8774507827486,1,1066
61,177,0.25,1.805,0.5,0.095,0.42105263157895,0.19,6
354,125
81,500003,1.9828581046233,1,136
146,500004,1.4887807236467,1,137
47,500001,-0.83135210109472,1,1063
124,500003,1.8774507827486,0,1064
124,177,1,1,1065
177,500003,1.8774507827486,1,1066
110,178,0.25,1.805,0.5,0.09025,0.4,0.1805,10
354,125
284,68
81,500003,1.9828581046233,1,136
146,500004,1.4887807236467,1,137
47,500001,-0.83135210109472,1,1063
124,500003,1.8774507827486,0,1064
124,177,1,1,1065
177,500003,1.8774507827486,1,1066
107,500001,1.8960265684389,0,1612
128,500003,1.4472452015709,1,1613
107,178,1,1,1614
178,500001,1.8960265684389,1,1615
61,122,1,1,2
61,177,0.225625,1.805,0.5,0.09025,0.4432132963989,0.21052631578947,6
211,180
81,500003,1.9828581046233,1,136
146,500004,1.4887807236467,0,137
119,500001,-0.56264188446228,1,805
144,500005,-1.2256557881952,0,806
146,177,1,1,807
177,500004,1.4887807236467,1,808
61,177,0.225625,1.805,0.5,0.09025,0.4432132963989,0.21052631578947,6
211,180
81,500003,1.9828581046233,1,136
146,500004,1.4887807236467,0,137
119,500001,-0.56264188446228,1,805
144,500005,-1.2256557881952,0,806
146,177,1,1,807
177,500004,1.4887807236467,1,808
61,178,0.2375,1.805,0.52631578947368,0.09025,0.42105263157895,0.22160664819945,9
211,180
311,37
81,500003,1.9828581046233,1,136
146,500004,1.4887807236467,0,137
119,500001,-0.56264188446228,1,805
144,500005,-1.2256557881952,1,806
146,177,1,1,807
177,500004,1.4887807236467,0,808
131,177,-0.44994993249418,1,1616
177,178,1,1,1617
178,500004,1.4887807236467,1,1618
61,90,1,1,2
61,177,0.225625,2,0.45125,0.1,0.4,0.19,6
395,168
81,500003,1.9828581046233,1,136
146,500004,1.4887807236467,1,137
76,500002,-0.99330083792717,1,1057
10,500003,0.43670480253021,0,1058
10,177,1,1,1059
177,500003,0.34097165020228,1,1060
61,177,0.225625,2,0.45125,0.1,0.4,0.19,6
395,168
81,500003,1.9828581046233,1,136
146,500004,1.4887807236467,1,137
76,500002,-0.99330083792717,1,1057
10,500003,0.43670480253021,0,1058
10,177,1,1,1059
177,500003,0.34097165020228,1,1060
29,177,0.21434375,2,0.45125,0.095,0.38,0.19,8
395,168
81,500003,1.9828581046233,1,136
146,500004,1.4003484482297,1,137
76,500002,-0.99330083792717,1,1057
10,500003,0.43670480253021,1,1058
10,177,1,1,1059
177,500003,0.34097165020228,1,1060
112,500005,0.15292142431853,1,1619
62,500005,1.267467425795,1,1620
30,60,1,1,2
30,176,0.25,2,0.5,0.1,0.38,0.2,4
3,500003,-1.1704965341699,1,542
134,500003,1.7792558426872,1,543
112,500005,1.9902183283075,1,847
130,500003,-0.14451482991898,1,848
30,176,0.25,2,0.5,0.1,0.38,0.2,4
3,500003,-1.1704965341699,1,542
134,500003,1.7792558426872,1,543
112,500005,1.9902183283075,1,847
130,500003,-0.14451482991898,1,848
30,176,0.2375,1.9,0.475,0.1,0.38,0.2,6
3,500003,-1.1704965341699,1,542
134,500003,1.7792558426872,1,543
112,500005,1.9902183283075,1,847
130,500003,-0.14451482991898,1,848
25,500005,-0.58223759130679,1,1621
135,500001,-1.2749229759327,1,1622
51,102,1,1,2
51,177,0.27700831024931,1.9,0.5,0.09025,0.4,0.2,6
259,77
124,500003,0.54150438613328,1,61
71,500004,-0.8129917973713,1,62
157,500004,0.053397773789893,1,811
99,500005,-0.90005614184777,0,812
99,177,1,1,813
177,500005,-0.90005614184777,1,814
51,177,0.27700831024931,1.9,0.5,0.09025,0.4,0.2,6
259,77
124,500003,0.54150438613328,1,61
71,500004,-0.8129917973713,1,62
157,500004,0.053397773789893,1,811
99,500005,-0.90005614184777,0,812
99,177,1,1,813
177,500005,-0.90005614184777,1,814
51,178,0.29158769499927,1.9,0.475,0.0857375,0.42105263157895,0.19,10
259,77
429,170
124,500003,0.54150438613328,1,61
71,500004,-0.8129917973713,1,62
157,500004,0.053397773789893,1,811
99,500005,-0.90005614184777,0,812
99,177,1,1,813
177,500005,-0.90005614184777,0,814
166,500003,-1.3424329456605,1,1623
2,500001,-0.39236771240475,0,1624
177,178,1,1,1625
178,500005,-0.90005614184777,1,1626
50,80,1,1,2
50,177,0.25,2.2160664819944,0.52631578947368,0.095,0.4,0.21052631578947,7
426,166
35,500004,-1.2511710223049,1,352
12,500003,1.4769102760949,1,353
140,500004,0.71386703975213,1,687
74,500005,-0.34155251194795,0,688
141,500002,1.9649344384507,1,689
74,177,1,1,690
177,500005,-0.34155251194795,1,691
50,177,0.25,2.2160664819944,0.52631578947368,0.095,0.4,0.21052631578947,7
426,166
35,500004,-1.2511710223049,1,352
12,500003,1.4769102760949,1,353
140,500004,0.71386703975213,1,687
74,500005,-0.34155251194795,0,688
141,500002,1.9649344384507,1,689
74,177,1,1,690
177,500005,-0.34155251194795,1,691
30,177,0.25,2.3327015599941,0.52631578947368,0.09025,0.38,0.21052631578947,10
426,166
35,500004,-1.2511710223049,1,352
12,500003,1.4769102760949,1,353
140,500004,0.71386703975213,1,687
74,500005,-0.34155251194795,0,688
141,500002,1.9649344384507,1,689
74,177,1,1,690
177,500005,-0.34155251194795,1,691
34,500002,0.95971441220479,1,1627
131,500005,-1.5470502206809,1,1628
90,500001,0.8930896217437,1,1629
50,100,1,1,2
50,177,0.25,2,0.5,0.09025,0.38,0.2,6
207,63
124,500003,0.54150438613328,1,61
71,500004,-0.8129917973713,1,62
134,500003,1.0438087783027,1,1091
94,500003,0.65836900596431,0,1092
94,177,1,1,1093
177,500003,0.65836900596431,1,1094
50,177,0.25,2,0.5,0.09025,0.38,0.2,6
207,63
124,500003,0.54150438613328,1,61
71,500004,-0.8129917973713,1,62
134,500003,1.0438087783027,1,1091
94,500003,0.65836900596431,0,1092
94,177,1,1,1093
177,500003,0.65836900596431,1,1094
50,178,0.2375,2,0.475,0.095,0.361,0.2,10
207,63
369,82
124,500003,0.54150438613328,1,61
71,500004,-0.8129917973713,0,62
134,500003,1.0438087783027,1,1091
94,500003,0.65836900596431,1,1092
94,177,1,1,1093
177,500003,0.65836900596431,0,1094
173,500005,-0.81413414832863,1,1630
90,500005,-0.22354915282854,1,1631
177,178,1,1,1632
178,500003,0.65836900596431,1,1633
49,98,1,1,2
49,177,0.27700831024931,2.1052631578947,0.52631578947368,0.09025,0.4,0.2,6
366,73
124,500003,0.54150438613328,1,61
71,500004,-0.8129917973713,1,62
165,500001,-1.0573061830631,1,827
139,500005,-0.59156896480898,0,828
139,177,1,1,829
177,500005,-0.63597879447147,1,830
49,177,0.27700831024931,2.1052631578947,0.52631578947368,0.09025,0.4,0.2,6
366,73
124,500003,0.54150438613328,1,61
71,500004,-0.8129917973713,1,62
165,500001,-1.0573061830631,1,827
139,500005,-0.59156896480898,0,828
139,177,1,1,829
177,500005,-0.63597879447147,1,830
49,177,0.29158769499927,2,0.5,0.095,0.38,0.21052631578947,8
366,73
124,500003,0.54150438613328,1,61
71,500004,-0.8129917973713,1,62
165,500001,-1.0573061830631,1,827
139,500005,-0.59086921000661,0,828
139,177,1,1,829
177,500005,-0.63597879447147,1,830
172,500004,1.6262943333137,1,1634
57,177,0.71874302938522,1,1635
49,91,1,1,2
49,177,0.27700831024931,2,0.475,0.095,0.38,0.21052631578947,6
252,67
124,500003,0.54150438613328,0,61
71,500004,-0.8129917973713,1,62
172,500001,0.4330151595329,1,817
83,500003,-0.97524163079227,0,818
124,177,1,1,819
177,500003,0.54150438613328,1,820
49,177,0.27700831024931,2,0.475,0.095,0.38,0.21052631578947,6
252,67
124,500003,0.54150438613328,0,61
71,500004,-0.8129917973713,1,62
172,500001,0.4330151595329,1,817
83,500003,-0.97524163079227,0,818
124,177,1,1,819
177,500003,0.54150438613328,1,820
42,177,0.26315789473684,2.1052631578947,0.475,0.09025,0.361,0.22160664819945,8
252,67
124,500003,0.54150438613328,1,61
71,500004,-0.8129917973713,1,62
172,500001,0.4330151595329,1,817
83,500003,-0.97524163079227,0,818
124,177,1,0,819
177,500003,0.54150438613328,1,820
102,500001,-0.16709930923167,1,1636
1,500002,0.12695673020881,1,1637
49,74,1,1,2
49,177,0.25,1.9,0.475,0.09025,0.361,0.21052631578947,6
388,124
124,500003,0.54150438613328,1,61
71,500004,-0.8129917973713,1,62
142,500002,-0.024369294766509,1,1085
121,500001,-1.0321272588485,0,1086
121,177,1,1,1087
177,500001,-1.0321272588485,1,1088
49,177,0.25,1.9,0.475,0.09025,0.361,0.21052631578947,6
388,124
124,500003,0.54150438613328,1,61
71,500004,-0.8129917973713,1,62
142,500002,-0.024369294766509,1,1085
121,500001,-1.0321272588485,0,1086
121,177,1,1,1087
177,500001,-1.0321272588485,1,1088
25,177,0.26315789473684,1.9,0.45125,0.0857375,0.34295,0.2,7
388,124
124,500003,0.54150438613328,1,61
71,500004,-0.8129917973713,1,62
142,500002,-0.024369294766509,1,1085
121,500001,-1.0321272588485,1,1086
121,177,1,1,1087
177,500001,-1.0321272588485,1,1088
126,500004,1.5247837954782,1,1638
49,49,1,1,2
49,177,0.25,2,0.475,0.095,0.38,0.19,6
335,69
124,500003,0.54150438613328,0,61
71,500004,-0.8129917973713,1,62
104,500001,-1.6717531456015,1,823
59,500004,0.034461065211548,1,824
124,177,1,1,825
177,500003,0.4538249613898,1,826
49,177,0.25,2,0.475,0.095,0.38,0.19,6
335,69
124,500003,0.54150438613328,0,61
71,500004,-0.8129917973713,1,62
104,500001,-1.6717531456015,1,823
59,500004,0.034461065211548,1,824
124,177,1,1,825
177,500003,0.4538249613898,1,826
0,177,0.25,2,0.5,0.1,0.361,0.19,8
335,69
124,500003,0.54150438613328,0,61
71,500004,-0.8129917973713,1,62
104,500001,-1.6717531456015,0,823
59,500004,0.034461065211548,1,824
124,177,1,1,825
177,500003,0.4538249613898,1,826
137,500005,1.4077990387603,1,1639
76,500003,-0.99589187046322,1,1640
118,298,0,0,4
109,177,0.25,2.2160664819944,0.5,0.10526315789474,0.4,0.21052631578947,6
479,81
131,500003,0.87568491458692,0,194
122,500005,-1.0810679770452,0,195
131,177,1,1,196
177,500003,0.87568491458692,1,197
78,500002,-0.69011944657663,1,665
86,500004,0.74007296689789,1,666
109,177,0.25,2.2160664819944,0.5,0.10526315789474,0.4,0.21052631578947,6
479,81
131,500003,0.87568491458692,0,194
122,500005,-1.0810679770452,0,195
131,177,1,1,196
177,500003,0.87568491458692,1,197
78,500002,-0.69011944657663,1,665
86,500004,0.74007296689789,1,666
0,178,0.26315789473684,2.2160664819944,0.475,0.1,0.38,0.21052631578947,10
479,81
312,1
131,500003,0.87568491458692,0,194
122,500005,-1.0810679770452,0,195
131,177,1,1,196
177,500003,0.87568491458692,0,197
78,500002,-0.69011944657663,1,665
86,500004,0.74007296689789,0,666
113,500002,-0.28635362455917,1,1170
142,177,-1.9831279311251,1,1171
177,178,1,1,1172
178,500003,0.87568491458692,1,1173
71,178,0.26315789473684,2.3327015599941,0.475,0.1,0.42105263157895,0.22160664819945,10
479,81
296,185
131,500003,0.87568491458692,0,194
122,500005,-1.0810679770452,0,195
131,177,1,1,196
177,500003,0.87568491458692,1,197
78,500002,-0.69011944657663,1,665
86,500004,0.74007296689789,0,666
34,500005,-1.6965890078324,1,1189
93,500001,1.9567337687857,1,1190
86,178,1,1,1191
178,500004,0.74007296689789,1,1192
118,177,0.26315789473684,2.2160664819944,0.5,0.1,0.42105263157895,0.22160664819945,9
479,81
131,500003,0.87568491458692,0,194
122,500005,-1.0810679770452,0,195
131,177,1,1,196
177,500003,0.87568491458692,1,197
78,500002,-0.69011944657663,1,665
86,500004,0.74007296689789,1,666
126,500005,1.4374236219737,1,1378
33,500002,-1.2590016626096,1,1379
149,500002,-1.1528682015617,1,1380
100,504,0,0,6
74,178,0.26315789473684,2,0.52631578947368,0.1,0.4,0.19,10
479,81
491,164
131,500003,0.87568491458692,1,194
122,500005,-1.0810679770452,1,195
131,177,1,1,196
177,500003,0.87568491458692,1,197
154,500005,-1.5701173603861,1,940
158,500005,-0.71330412417338,0,941
158,178,1,1,942
178,500005,-0.71330412417338,1,943
48,177,0.11516004899291,1,1151
107,500002,0.38676517195383,1,1152
74,178,0.26315789473684,2,0.52631578947368,0.1,0.4,0.19,10
479,81
491,164
131,500003,0.87568491458692,1,194
122,500005,-1.0810679770452,1,195
131,177,1,1,196
177,500003,0.87568491458692,1,197
154,500005,-1.5701173603861,1,940
158,500005,-0.71330412417338,0,941
158,178,1,1,942
178,500005,-0.71330412417338,1,943
48,177,0.11516004899291,1,1151
107,500002,0.38676517195383,1,1152
100,178,0.2375,2.1052631578947,0.52631578947368,0.1,0.38,0.19,11
479,81
491,164
131,500003,0.89080691607241,0,194
122,500005,-1.0810679770452,1,195
131,177,1,1,196
177,500003,0.87568491458692,1,197
154,500005,-1.5707550493864,1,940
158,500005,-0.71330412417338,1,941
158,178,1,1,942
178,500005,-0.71330412417338,1,943
42,500003,-0.8331946296772,1,1186
169,500001,-1.598204139433,1,1187
42,500001,-0.43750239835936,1,1188
100,179,0.2375,2.1052631578947,0.58317538999854,0.10526315789474,0.42105263157895,0.2,12
479,81
491,164
338,149
131,500003,0.87568491458692,0,194
122,500005,-1.0810679770452,1,195
131,177,1,1,196
177,500003,0.87568491458692,1,197
154,500005,-1.5707550493864,1,940
158,500005,-0.71330412417338,0,941
158,178,1,1,942
178,500005,-0.71330412417338,1,943
60,500005,1.4317042880839,0,1198
13,177,-0.97289717708384,1,1199
60,179,1,1,1200
179,500005,1.4317042880839,1,1201
56,178,0.26315789473684,2.1052631578947,0.52631578947368,0.11080332409972,0.4,0.2,12
479,81
491,164
131,500003,0.87568491458692,0,194
122,500005,-1.0810679770452,1,195
131,177,1,1,196
177,500003,0.87568491458692,1,197
159,500003,-1.6391791960407,1,938
120,500004,-1.25836154784,0,939
154,500005,-1.5707550493864,1,940
158,500005,-0.71330412417338,1,941
158,178,1,1,942
178,500005,-0.71330412417338,1,943
63,500002,1.9651927277284,1,1396
89,177,-1.4051561520459,1,1397
74,178,0.25,2,0.52631578947368,0.11080332409972,0.38,0.2,14
479,81
491,164
131,500003,0.87568491458692,0,194
122,500005,-1.0810679770452,1,195
131,177,1,1,196
177,500003,0.87568491458692,1,197
56,500003,0.79420500937579,1,928
6,500002,-1.4204744563533,1,929
131,178,1,1,930
178,500003,0.87568491458692,1,931
154,500005,-1.5707550493864,1,940
158,500005,-0.71330412417338,1,941
158,178,1,1,942
178,500005,-0.71330412417338,1,943
67,500003,1.107509683402,1,1403
100,500002,0.4977755185672,1,1404
100,178,0.2375,2,0.55401662049861,0.10526315789474,0.361,0.19,14
479,81
281,125
131,500003,0.87568491458692,0,194
122,500005,-1.0810679770452,1,195
131,177,1,1,196
177,500003,0.87568491458692,1,197
56,500003,0.79420500937579,1,928
6,500002,-1.4204744563533,1,929
131,178,1,1,930
178,500003,0.87568491458692,1,931
154,500005,-1.5707550493864,1,940
158,500005,-0.71330412417338,0,941
158,178,1.1022775101609,1,942
178,500005,-0.71330412417338,1,943
20,500001,1.712855992705,1,1405
17,178,0.10644630254547,1,1406
100,274,0,0,3
100,179,0.26315789473684,2,0.55401662049861,0.1,0.4,0.2,16
479,81
298,157
312,90
131,500003,0.87568491458692,0,194
122,500005,-1.0810679770452,1,195
131,177,0.97523662777396,1,196
177,500003,0.87568491458692,1,197
56,177,0.16684137013128,1,924
37,177,0.57691151955021,1,925
131,178,1,1,926
178,177,1,1,927
56,500003,0.79420500937579,1,928
6,500002,-1.4204744563533,1,929
131,178,1,1,930
178,500003,0.87568491458692,1,931
157,177,0.75238175259548,0,1157
114,178,-0.67081936014389,1,1158
157,179,1,1,1159
179,177,0.75238175259548,1,1160
100,179,0.26315789473684,2,0.55401662049861,0.1,0.4,0.2,16
479,81
298,157
312,90
131,500003,0.87568491458692,0,194
122,500005,-1.0810679770452,1,195
131,177,0.97523662777396,1,196
177,500003,0.87568491458692,1,197
56,177,0.16684137013128,1,924
37,177,0.57691151955021,1,925
131,178,1,1,926
178,177,1,1,927
56,500003,0.79420500937579,1,928
6,500002,-1.4204744563533,1,929
131,178,1,1,930
178,500003,0.87568491458692,1,931
157,177,0.75238175259548,0,1157
114,178,-0.67081936014389,1,1158
157,179,1,1,1159
179,177,0.75238175259548,1,1160
100,178,0.2375,2.2160664819944,0.58317538999854,0.095,0.361,0.2,10
479,81
281,125
131,500003,0.87568491458692,0,194
122,500005,-1.0810679770452,1,195
131,177,1,0,196
177,500003,0.87568491458692,1,197
56,500003,0.79420500937579,1,928
6,500002,-1.4204744563533,1,929
131,178,1,1,930
178,500003,0.87568491458692,1,931
151,178,-0.69348094551521,1,1202
102,178,0.10059894719189,1,1203
74,178,0.2375,2,0.55401662049861,0.1,0.38,0.2,10
479,81
281,125
131,500003,0.87568491458692,0,194
122,500005,-1.0810679770452,1,195
131,177,1,1,196
177,500003,0.87568491458692,1,197
56,500003,0.79420500937579,1,928
6,500002,-1.4204744563533,1,929
131,178,1,1,930
178,500003,0.87568491458692,1,931
76,500001,-1.9129796661031,1,1407
107,500002,0.70681052035969,1,1408
100,200,0,0,2
100,177,0.26315789473684,2.3327015599941,0.55401662049861,0.09025,0.4,0.2,11
479,81
131,500003,0.87568491458692,1,194
122,500005,-1.0810679770452,1,195
131,177,1.0214334400423,1,196
177,500003,0.90606626038024,1,197
61,500004,1.0736637371935,1,908
166,500004,-1.3992519934658,1,909
159,500003,-1.6391791960407,1,938
120,500004,-1.25836154784,0,939
137,500004,-0.87541604548479,1,1161
60,177,1.446901429187,0,1162
10,177,-0.23626277141099,1,1163
100,177,0.26315789473684,2.3327015599941,0.55401662049861,0.09025,0.4,0.2,11
479,81
131,500003,0.87568491458692,1,194
122,500005,-1.0810679770452,1,195
131,177,1.0214334400423,1,196
177,500003,0.90606626038024,1,197
61,500004,1.0736637371935,1,908
166,500004,-1.3992519934658,1,909
159,500003,-1.6391791960407,1,938
120,500004,-1.25836154784,0,939
137,500004,-0.87541604548479,1,1161
60,177,1.446901429187,0,1162
10,177,-0.23626277141099,1,1163
100,177,0.27700831024931,2,0.52631578947368,0.095,0.38,0.19,8
479,81
131,500003,0.9291321569747,0,194
122,500005,-1.0810679770452,1,195
131,177,1,1,196
177,500003,0.87568491458692,1,197
61,500004,1.0736637371935,1,908
166,500004,-1.3992519934658,1,909
32,500002,-0.88031340338304,1,1398
90,500004,-1.2604056742324,1,1399
100,100,0,0,1
100,179,0.25,2.2160664819944,0.52631578947368,0.11080332409972,0.38,0.19,14
479,81
244,89
226,176
131,500003,0.87568491458692,1,194
122,500005,-1.0810679770452,1,195
131,177,1,1,196
177,500003,0.87568491458692,1,197
170,500002,0.95519468512162,0,669
2,500003,-0.35658575145369,1,670
131,178,1,1,671
178,500003,0.87568491458692,0,672
99,177,-0.55292661420672,1,918
126,500004,-1.2701949268906,0,919
155,500004,-1.37175164715,1,1164
52,500003,0.2476644209808,1,1165
126,179,1,1,1166
179,500004,-1.2701949268906,1,1167
100,179,0.25,2.2160664819944,0.52631578947368,0.11080332409972,0.38,0.19,14
479,81
244,89
226,176
131,500003,0.87568491458692,1,194
122,500005,-1.0810679770452,1,195
131,177,1,1,196
177,500003,0.87568491458692,1,197
170,500002,0.95519468512162,0,669
2,500003,-0.35658575145369,1,670
131,178,1,1,671
178,500003,0.87568491458692,0,672
99,177,-0.55292661420672,1,918
126,500004,-1.2701949268906,0,919
155,500004,-1.37175164715,1,1164
52,500003,0.2476644209808,1,1165
126,179,1,1,1166
179,500004,-1.2701949268906,1,1167
100,300,0,0,3
100,177,0.25,2,0.52631578947368,0.1,0.38,0.19,10
479,81
131,500003,0.87568491458692,1,194
122,500005,-1.0810679770452,1,195
131,177,1,1,196
177,500003,0.87568491458692,0,197
99,177,-0.55292661420672,1,918
126,500004,-1.2701949268906,1,919
159,500003,-1.6391791960407,1,938
120,500004,-1.25836154784,0,939
42,177,1.2237930778525,1,1168
43,500004,-1.7674467041006,1,1169
100,177,0.25,2,0.52631578947368,0.1,0.38,0.19,10
479,81
131,500003,0.87568491458692,1,194
122,500005,-1.0810679770452,1,195
131,177,1,1,196
177,500003,0.87568491458692,0,197
99,177,-0.55292661420672,1,918
126,500004,-1.2701949268906,1,919
159,500003,-1.6391791960407,1,938
120,500004,-1.25836154784,0,939
42,177,1.2237930778525,1,1168
43,500004,-1.7674467041006,1,1169
100,177,0.25,2,0.55401662049861,0.11080332409972,0.4,0.1805,8
479,81
131,500003,0.87568491458692,1,194
122,500005,-1.0810679770452,1,195
131,177,1,1,196
177,500003,0.87568491458692,0,197
99,177,-0.55292661420672,1,918
126,500004,-1.2701949268906,1,919
83,177,-1.1703231163185,1,1196
89,500002,-0.96239945057891,1,1197
100,178,0.29158769499927,2.1052631578947,0.55401662049861,0.09025,0.38,0.2,12
479,81
215,64
131,500003,0.87568491458692,1,194
122,500005,-1.0810679770452,1,195
131,177,1,1,196
177,500003,0.90606626038024,1,197
99,177,-0.55292661420672,1,918
126,500004,-1.2701949268906,1,919
159,500003,-1.6391791960407,1,938
120,500004,-1.25836154784,0,939
118,500001,0.17805269751107,0,1392
16,500002,-0.30600687037502,1,1393
118,178,1,1,1394
178,500001,0.17064307544876,0,1395
100,100,0,0,1
100,179,0.25,2.1052631578947,0.52631578947368,0.09025,0.4,0.21052631578947,12
479,81
298,157
274,117
131,500003,0.87568491458692,0,194
122,500005,-1.0810679770452,0,195
131,177,1,0,196
177,500003,0.87568491458692,1,197
56,177,0.16684137013128,1,924
37,177,0.57691151955021,1,925
131,178,1,1,926
178,177,1,1,927
73,500002,-0.31995805647222,1,1174
35,178,-0.34051366259368,1,1175
122,179,1,1,1176
179,500005,-1.0810679770452,1,1177
100,179,0.25,2.1052631578947,0.52631578947368,0.09025,0.4,0.21052631578947,12
479,81
298,157
274,117
131,500003,0.87568491458692,0,194
122,500005,-1.0810679770452,0,195
131,177,1,0,196
177,500003,0.87568491458692,1,197
56,177,0.16684137013128,1,924
37,177,0.57691151955021,1,925
131,178,1,1,926
178,177,1,1,927
73,500002,-0.31995805647222,1,1174
35,178,-0.34051366259368,1,1175
122,179,1,1,1176
179,500005,-1.0810679770452,1,1177
100,100,0,0,1
100,178,0.27700831024931,2.2160664819944,0.5,0.10526315789474,0.4,0.19,13
479,81
394,141
131,500003,0.87568491458692,1,194
122,500005,-1.0810679770452,1,195
131,177,1,1,196
177,500003,0.87568491458692,0,197
99,177,-0.55292661420672,1,918
126,500004,-1.2701949268906,1,919
116,177,-0.33934263435162,0,920
70,500001,-1.0019023078503,1,921
116,178,1,1,922
178,177,-0.33934263435162,0,923
75,177,-1.2169001992871,1,1178
167,500002,1.697806099289,1,1179
39,500004,1.1482126913724,1,1180
100,178,0.27700831024931,2.2160664819944,0.5,0.10526315789474,0.4,0.19,13
479,81
394,141
131,500003,0.87568491458692,1,194
122,500005,-1.0810679770452,1,195
131,177,1,1,196
177,500003,0.87568491458692,0,197
99,177,-0.55292661420672,1,918
126,500004,-1.2701949268906,1,919
116,177,-0.33934263435162,0,920
70,500001,-1.0019023078503,1,921
116,178,1,1,922
178,177,-0.33934263435162,0,923
75,177,-1.2169001992871,1,1178
167,500002,1.697806099289,1,1179
39,500004,1.1482126913724,1,1180
100,100,0,0,1
100,178,0.27700831024931,2.2160664819944,0.52631578947368,0.10526315789474,0.38,0.1805,11
479,81
269,16
131,500003,0.87568491458692,1,194
122,500005,-1.0810679770452,1,195
131,177,1,1,196
177,500003,0.87568491458692,0,197
99,177,-0.55292661420672,1,918
126,500004,-1.2701949268906,0,919
115,500004,-0.20660049571032,1,1181
41,500002,-1.355988027228,1,1182
176,500001,-1.0360340527427,1,1183
126,178,1,1,1184
178,500004,-1.2701949268906,0,1185
100,178,0.27700831024931,2.2160664819944,0.52631578947368,0.10526315789474,0.38,0.1805,11
479,81
269,16
131,500003,0.87568491458692,1,194
122,500005,-1.0810679770452,1,195
131,177,1,1,196
177,500003,0.87568491458692,0,197
99,177,-0.55292661420672,1,918
126,500004,-1.2701949268906,0,919
115,500004,-0.20660049571032,1,1181
41,500002,-1.355988027228,1,1182
176,500001,-1.0360340527427,1,1183
126,178,1,1,1184
178,500004,-1.2701949268906,0,1185
100,474,0,0,5
100,177,0.2375,1.9,0.5,0.1,0.4,0.1805,6
241,7
91,500003,0.27729347081729,1,348
88,500002,1.2708697017612,0,349
88,177,1,1,350
177,500002,1.2708697017612,1,351
128,500004,1.3998739772476,1,1013
13,177,-1.7423049582831,1,1014
100,177,0.2375,1.9,0.5,0.1,0.4,0.1805,6
241,7
91,500003,0.27729347081729,1,348
88,500002,1.2708697017612,0,349
88,177,1,1,350
177,500002,1.2708697017612,1,351
128,500004,1.3998739772476,1,1013
13,177,-1.7423049582831,1,1014
100,177,0.225625,1.805,0.52631578947368,0.10526315789474,0.42105263157895,0.1805,8
241,7
91,500003,0.27729347081729,1,348
88,500002,1.2708697017612,0,349
88,177,1,1,350
177,500002,1.2708697017612,1,351
128,500004,1.3998739772476,1,1013
13,177,-1.7423049582831,1,1014
1,500001,-0.775444389682,1,1208
117,500005,0.59266817876728,1,1209
74,178,0.2375,1.9,0.52631578947368,0.09025,0.4432132963989,0.19,12
241,7
262,74
91,500003,0.27729347081729,1,348
88,500002,1.2708697017612,0,349
88,177,1,1,350
177,500002,1.2708697017612,1,351
77,177,-0.68569117909562,1,753
129,500002,-1.3725282695948,1,754
128,500004,1.3998739772476,0,1013
13,177,-1.7423049582831,1,1014
55,500005,0.1789802378877,1,1227
106,500001,1.1071611210272,1,1228
128,178,1,1,1229
178,500004,1.3998739772476,1,1230
100,178,0.25,1.9,0.5,0.1,0.4,0.171475,10
241,7
408,121
91,500003,0.27729347081729,1,348
88,500002,1.2708697017612,0,349
88,177,1,1,350
177,500002,1.2708697017612,1,351
128,500004,1.3998739772476,1,1013
13,177,-1.7423049582831,1,1014
169,177,1.5297950280503,0,1414
40,500005,-1.4255180598355,1,1415
169,178,1,1,1416
178,177,1.5297950280503,1,1417
100,177,0.2375,1.9,0.52631578947368,0.10526315789474,0.4,0.1805,8
241,7
91,500003,0.27729347081729,1,348
88,500002,1.2708697017612,0,349
88,177,1,1,350
177,500002,1.2708697017612,1,351
128,500004,1.3998739772476,1,1013
13,177,-1.7423049582831,1,1014
63,500004,1.7326778637863,1,1418
161,177,0.29624881702301,1,1419
94,168,0,0,2
94,177,0.225625,2,0.58317538999854,0.09025,0.42105263157895,0.21052631578947,9
241,7
91,500003,0.27729347081729,1,348
88,500002,1.2686753963942,0,349
88,177,1,1,350
177,500002,1.2708697017612,1,351
66,500005,-0.10930664563054,1,755
21,500001,1.6165406683537,1,756
122,500001,1.4949302661326,1,757
111,500002,-0.20718271201811,1,1210
76,500002,-1.7371230329094,1,1211
94,177,0.225625,2,0.58317538999854,0.09025,0.42105263157895,0.21052631578947,9
241,7
91,500003,0.27729347081729,1,348
88,500002,1.2686753963942,0,349
88,177,1,1,350
177,500002,1.2708697017612,1,351
66,500005,-0.10930664563054,1,755
21,500001,1.6165406683537,1,756
122,500001,1.4949302661326,1,757
111,500002,-0.20718271201811,1,1210
76,500002,-1.7371230329094,1,1211
74,177,0.225625,1.9,0.52631578947368,0.0857375,0.4432132963989,0.19,11
241,7
91,500003,0.27729347081729,1,348
88,500002,1.2708697017612,0,349
88,177,1,1,350
177,500002,1.2708697017612,1,351
77,177,-0.68569117909562,1,753
129,500002,-1.3725282695948,1,754
66,500005,-0.10930664563054,1,755
21,500001,1.6165406683537,1,756
122,500001,1.4949302661326,1,757
74,500003,1.2595573492626,1,1432
158,500001,1.9110741279605,1,1433
100,174,0,0,2
100,178,0.225625,1.9,0.55401662049861,0.09025,0.46654031199884,0.19,10
241,7
284,31
91,500003,0.27729347081729,1,348
88,500002,1.1866039601114,0,349
88,177,1,1,350
177,500002,1.2708697017612,1,351
77,177,-0.68569117909562,1,753
129,500002,-1.3725282695948,1,754
13,500005,0.44855170810993,1,1214
159,177,0.50088015873957,0,1215
159,178,1,1,1216
178,177,0.50088015873957,1,1217
100,178,0.225625,1.9,0.55401662049861,0.09025,0.46654031199884,0.19,10
241,7
284,31
91,500003,0.27729347081729,1,348
88,500002,1.1866039601114,0,349
88,177,1,1,350
177,500002,1.2708697017612,1,351
77,177,-0.68569117909562,1,753
129,500002,-1.3725282695948,1,754
13,500005,0.44855170810993,1,1214
159,177,0.50088015873957,0,1215
159,178,1,1,1216
178,177,0.50088015873957,1,1217
74,177,0.25,2,0.52631578947368,0.0857375,0.4432132963989,0.19,8
241,7
91,500003,0.27729347081729,1,348
88,500002,1.2708697017612,0,349
88,177,1,1,350
177,500002,1.2708697017612,1,351
77,177,-0.68569117909562,1,753
129,500002,-1.3725282695948,0,754
95,500005,-0.19443108616138,1,1434
75,500005,-0.86532494000407,1,1435
70,70,0,0,1
70,179,0.21434375,2,0.55401662049861,0.10526315789474,0.42105263157895,0.171475,14
241,7
240,170
377,89
91,500003,0.27729347081729,0,348
88,500002,1.2708697017612,0,349
88,177,1,1,350
177,500002,1.2708697017612,0,351
13,500001,-0.14714489045886,1,987
117,500003,1.7719728573095,1,988
91,178,1,0,989
178,500003,0.27729347081729,1,990
21,500004,0.29509985181275,1,993
45,500004,-0.83930089829457,1,994
75,500002,-1.3626435675484,1,1218
124,500001,0.15457402270035,1,1219
91,179,1,1,1220
179,178,1,1,1221
70,179,0.21434375,2,0.55401662049861,0.10526315789474,0.42105263157895,0.171475,14
241,7
240,170
377,89
91,500003,0.27729347081729,0,348
88,500002,1.2708697017612,0,349
88,177,1,1,350
177,500002,1.2708697017612,0,351
13,500001,-0.14714489045886,1,987
117,500003,1.7719728573095,1,988
91,178,1,0,989
178,500003,0.27729347081729,1,990
21,500004,0.29509985181275,1,993
45,500004,-0.83930089829457,1,994
75,500002,-1.3626435675484,1,1218
124,500001,0.15457402270035,1,1219
91,179,1,1,1220
179,178,1,1,1221
100,100,0,0,1
100,177,0.25,1.9,0.5,0.0857375,0.4432132963989,0.1805,9
241,7
91,500003,0.27729347081729,1,348
88,500002,1.2708697017612,0,349
88,177,1,1,350
177,500002,1.2708697017612,1,351
77,177,-0.68569117909562,1,753
129,500002,-1.3725282695948,1,754
21,500004,0.29509985181275,1,993
45,500004,-0.83930089829457,1,994
119,500004,0.29814658979799,1,1222
100,177,0.25,1.9,0.5,0.0857375,0.4432132963989,0.1805,9
241,7
91,500003,0.27729347081729,1,348
88,500002,1.2708697017612,0,349
88,177,1,1,350
177,500002,1.2708697017612,1,351
77,177,-0.68569117909562,1,753
129,500002,-1.3725282695948,1,754
21,500004,0.29509985181275,1,993
45,500004,-0.83930089829457,1,994
119,500004,0.29814658979799,1,1222
108,307,0,0,3
108,178,0.2375,2,0.58317538999854,0.095,0.42105263157895,0.2,12
241,7
279,126
91,500003,0.27729347081729,1,348
88,500002,1.2708697017612,1,349
88,177,1,1,350
177,500002,1.2708697017612,1,351
21,500004,0.29509985181275,1,993
45,500004,-0.83930089829457,1,994
71,177,-0.70784058734208,1,1005
12,177,-1.2515258450301,1,1006
177,178,1,1,1007
178,500002,1.2708697017612,1,1008
55,500005,1.8231419789713,1,1223
143,178,0.48679808084238,1,1224
108,178,0.2375,2,0.58317538999854,0.095,0.42105263157895,0.2,12
241,7
279,126
91,500003,0.27729347081729,1,348
88,500002,1.2708697017612,1,349
88,177,1,1,350
177,500002,1.2708697017612,1,351
21,500004,0.29509985181275,1,993
45,500004,-0.83930089829457,1,994
71,177,-0.70784058734208,1,1005
12,177,-1.2515258450301,1,1006
177,178,1,1,1007
178,500002,1.2708697017612,1,1008
55,500005,1.8231419789713,1,1223
143,178,0.48679808084238,1,1224
100,178,0.21434375,1.805,0.55401662049861,0.0857375,0.38,0.1805,11
241,7
279,126
91,500003,0.27729347081729,1,348
88,500002,1.2708697017612,0,349
88,177,1,1,350
177,500002,1.2708697017612,0,351
21,500004,0.29509985181275,1,993
45,500004,-0.83930089829457,1,994
71,177,-0.70784058734208,1,1005
12,177,-1.2515258450301,1,1006
177,178,1,1,1007
178,500002,1.2708697017612,1,1008
69,500003,1.9905290435956,1,1411
99,178,0.21434375,2,0.52631578947368,0.095,0.42105263157895,0.171475,12
241,7
279,126
91,500003,0.27729347081729,1,348
88,500002,1.2589976375103,1,349
88,177,1,1,350
177,500002,1.2708697017612,0,351
21,500004,0.29509985181275,1,993
45,500004,-0.83930089829457,1,994
71,177,-0.70784058734208,0,1005
12,177,-1.2515258450301,1,1006
177,178,1,1,1007
178,500002,1.2708697017612,1,1008
149,500001,0.44692766594092,1,1440
111,500005,-0.043011317980947,1,1441
148,1357,0,0,15
131,178,0.2375,2.1052631578947,0.52631578947368,0.11080332409973,0.42105263157895,0.21052631578947,8
304,116
435,167
65,500003,0.87149726546905,0,102
149,500004,0.17751616527211,1,103
65,177,1,1,104
177,500003,0.87149726546905,1,105
87,500002,-0.34616997574743,1,779
167,500005,1.1488367222011,0,780
167,178,1,1,781
178,500005,1.1488367222011,1,782
131,178,0.2375,2.1052631578947,0.52631578947368,0.11080332409973,0.42105263157895,0.21052631578947,8
304,116
435,167
65,500003,0.87149726546905,0,102
149,500004,0.17751616527211,1,103
65,177,1,1,104
177,500003,0.87149726546905,1,105
87,500002,-0.34616997574743,1,779
167,500005,1.1488367222011,0,780
167,178,1,1,781
178,500005,1.1488367222011,1,782
81,179,0.225625,2,0.5,0.10526315789474,0.4432132963989,0.22160664819945,17
304,116
435,167
395,152
65,500003,0.87149726546905,1,102
149,500004,0.17751616527211,0,103
65,177,1,1,104
177,500003,0.87149726546905,1,105
87,500002,-0.34616997574743,1,779
167,500005,1.1488367222011,1,780
167,178,1,1,781
178,500005,1.1488367222011,1,782
34,500004,-0.73016834572431,1,1029
152,500003,1.6950563880126,1,1030
55,500003,-0.082709309683512,1,1031
34,178,1,1,1032
178,500004,-0.73016834572431,1,1033
92,178,-0.87651428900497,1,1233
101,500003,1.9239334258828,1,1234
149,179,1,0,1235
179,500004,0.17751616527211,1,1236
0,179,0.2375,2.2160664819944,0.5,0.10526315789474,0.4432132963989,0.21052631578947,12
304,116
435,167
268,35
65,500003,0.87149726546905,0,102
149,500004,0.17751616527211,1,103
65,177,1,0,104
177,500003,0.87149726546905,1,105
87,500002,-0.34616997574743,1,779
167,500005,1.1488367222011,0,780
167,178,1,1,781
178,500005,1.1488367222011,1,782
46,500001,-0.3567095484383,1,1248
155,178,0.90543085658244,0,1249
155,179,1,1,1250
179,178,0.90543085658244,1,1251
123,178,0.25,2.1052631578947,0.5,0.11663507799971,0.42105263157895,0.2,11
304,116
435,167
65,500003,0.87149726546905,1,102
149,500004,0.17751616527211,1,103
65,177,1,1,104
177,500003,0.87149726546905,1,105
87,500002,-0.34616997574743,1,779
167,500005,1.1488367222011,0,780
167,178,1,1,781
178,500005,1.1488367222011,1,782
47,500005,1.4844678414448,1,1260
39,500002,-1.7716907681506,1,1261
88,177,0.92163514295669,1,1262
114,179,0.2375,2,0.5,0.11080332409973,0.4432132963989,0.22160664819945,12
304,116
435,167
346,54
65,500003,0.87149726546905,0,102
149,500004,0.17751616527211,1,103
65,177,1,1,104
177,500003,0.87149726546905,0,105
87,500002,-0.34616997574743,1,779
167,500005,1.1488367222011,0,780
167,178,1,1,781
178,500005,1.1488367222011,1,782
132,178,0.82348582280031,0,1444
29,177,-1.1326187565609,1,1445
177,179,1,1,1446
179,500003,0.87149726546905,1,1447
0,178,0.2375,2.2160664819944,0.52631578947368,0.11663507799971,0.4,0.2,11
304,116
435,167
65,500003,0.87149726546905,0,102
149,500004,0.17751616527211,1,103
65,177,1,1,104
177,500003,0.87149726546905,1,105
87,500002,-0.34616997574743,1,779
167,500005,1.1488367222011,1,780
167,178,1,1,781
178,500005,1.1488367222011,1,782
142,500004,-1.9890589900264,1,1448
100,500003,-1.9196572862191,1,1449
38,178,1.4767790061779,1,1450
130,178,0.225625,2,0.55401662049862,0.10526315789474,0.42105263157895,0.21052631578947,10
304,116
435,167
65,500003,0.87149726546905,1,102
149,500004,0.17751616527211,1,103
65,177,1,1,104
177,500003,0.87149726546905,1,105
87,500002,-0.34616997574743,1,779
167,500005,1.1488367222011,0,780
167,178,1,1,781
178,500005,1.1488367222011,1,782
71,178,0.50699999672687,1,1451
125,500002,-0.30245879585969,1,1452
148,179,0.2375,2.2160664819944,0.55401662049862,0.11663507799971,0.42105263157895,0.2,12
304,116
435,167
438,173
65,500003,0.87149726546905,0,102
149,500004,0.17751616527211,1,103
65,177,1,1,104
177,500003,0.87149726546905,0,105
87,500002,-0.34616997574743,1,779
167,500005,1.1488367222011,0,780
167,178,1,1,781
178,500005,1.1488367222011,1,782
16,177,0.80691670570845,1,1453
117,500004,1.9606856684949,1,1454
177,179,1,1,1455
179,500003,0.87149726546905,1,1456
133,179,0.25,2,0.5,0.11080332409973,0.4432132963989,0.22160664819945,12
304,116
435,167
466,105
65,500003,0.87149726546905,0,102
149,500004,0.17751616527211,1,103
65,177,1,1,104
177,500003,0.87149726546905,1,105
87,500002,-0.34616997574743,1,779
167,500005,1.2116515796283,0,780
167,178,1,1,781
178,500005,1.1488367222011,1,782
76,178,-1.1420982848583,1,1457
119,500003,0.54983183674041,1,1458
167,179,1,1,1459
179,500005,1.1488367222011,0,1460
131,178,0.225625,2.1052631578947,0.5,0.11080332409973,0.4432132963989,0.22160664819945,10
304,116
435,167
65,500003,0.87149726546905,1,102
149,500004,0.17751616527211,1,103
65,177,1,1,104
177,500003,0.87149726546905,1,105
87,500002,-0.34616997574743,1,779
167,500005,1.1488367222011,0,780
167,178,1,1,781
178,500005,1.1649535505232,1,782
162,500004,0.85584992489584,1,1461
11,500004,-1.9082013275047,0,1462
131,179,0.2375,2.1052631578947,0.52631578947368,0.11663507799971,0.4432132963989,0.22160664819945,13
304,116
435,167
381,83
65,500003,0.87149726546905,0,102
149,500004,0.17751616527211,1,103
65,177,1,1,104
177,500003,0.87149726546905,1,105
87,500002,-0.34616997574743,1,779
167,500005,1.1488367222011,0,780
167,178,1,1,781
178,500005,1.1488367222011,1,782
61,177,0.94834987770224,1,1463
29,500002,0.083542154209475,0,1464
171,500005,-0.27369539173026,1,1465
29,179,1,1,1466
179,500002,0.083542154209475,0,1467
0,178,0.225625,2.1052631578947,0.5,0.11080332409973,0.42105263157895,0.22160664819945,10
304,116
435,167
65,500003,0.87149726546905,0,102
149,500004,0.17751616527211,1,103
65,177,1,1,104
177,500003,0.87149726546905,1,105
87,500002,-0.34616997574743,1,779
167,500005,1.1488367222011,0,780
167,178,1,1,781
178,500005,1.1488367222011,1,782
90,500003,-1.864692427155,1,1468
5,500005,0.10464461804584,1,1469
0,179,0.225625,2,0.52631578947368,0.11663507799971,0.4432132963989,0.21052631578947,12
304,116
435,167
444,22
65,500003,0.87149726546905,0,102
149,500004,0.17751616527211,1,103
65,177,1,0,104
177,500003,0.87149726546905,1,105
87,500002,-0.34616997574743,1,779
167,500005,1.1488367222011,0,780
167,178,1,1,781
178,500005,1.1488367222011,1,782
172,178,-0.86087984538678,1,1470
58,178,1.4259862226555,1,1471
65,179,1,0,1472
179,177,1,1,1473
101,178,0.25,2.2160664819944,0.52631578947368,0.11080332409973,0.4,0.2,11
304,116
435,167
65,500003,0.87149726546905,0,102
149,500004,0.17751616527211,1,103
65,177,1,1,104
177,500003,0.87149726546905,1,105
87,500002,-0.34616997574743,1,779
167,500005,1.1488367222011,0,780
167,178,1,1,781
178,500005,1.1488367222011,1,782
36,177,-1.8010244089184,1,1474
105,500005,0.50836236705462,1,1475
160,500002,-1.5904652586162,1,1476
134,179,0.25,2.1052631578947,0.5,0.11080332409973,0.42105263157895,0.2,12
304,116
435,167
300,168
65,500003,0.87149726546905,0,102
149,500004,0.17751616527211,1,103
65,177,1,1,104
177,500003,0.87149726546905,1,105
87,500002,-0.34616997574743,1,779
167,500005,1.1488367222011,0,780
167,178,1,1,781
178,500005,1.1488367222011,1,782
98,500005,0.081522068978065,1,1477
138,500004,0.96139896053886,1,1478
167,179,1,1,1479
179,500005,1.1488367222011,1,1480
139,456,0,0,4
100,178,0.2375,2.3327015599941,0.5,0.10526315789474,0.4432132963989,0.2,10
304,116
347,5
65,500003,0.87149726546905,1,102
149,500004,0.17751616527211,0,103
65,177,1,1,104
177,500003,0.87149726546905,1,105
165,500004,-1.5424401702091,1,783
165,500005,-0.89027080074431,0,784
165,178,1,1,785
178,500005,-0.89027080074431,1,786
127,500001,-0.11024609865167,1,1231
72,500003,0.55778178878025,1,1232
100,178,0.2375,2.3327015599941,0.5,0.10526315789474,0.4432132963989,0.2,10
304,116
347,5
65,500003,0.87149726546905,1,102
149,500004,0.17751616527211,0,103
65,177,1,1,104
177,500003,0.87149726546905,1,105
165,500004,-1.5424401702091,1,783
165,500005,-0.89027080074431,0,784
165,178,1,1,785
178,500005,-0.89027080074431,1,786
127,500001,-0.11024609865167,1,1231
72,500003,0.55778178878025,1,1232
139,178,0.225625,2.1052631578947,0.52631578947368,0.11080332409973,0.4432132963989,0.22160664819945,12
304,116
347,5
65,500003,0.87149726546905,1,102
149,500004,0.17751616527211,1,103
65,177,1,1,104
177,500003,0.87149726546905,1,105
39,500002,0.0023163678135334,1,772
53,177,0.32319902736843,1,773
165,500004,-1.5424401702091,1,783
165,500005,-0.89027080074431,0,784
165,178,1,1,785
178,500005,-0.89027080074431,1,786
32,177,-1.6678457854632,1,1240
61,500002,0.99309035343728,1,1241
100,178,0.2375,2,0.55401662049862,0.095000000000003,0.4432132963989,0.19,14
304,116
450,27
65,500003,0.87149726546905,0,102
149,500004,0.17751616527211,0,103
65,177,1,1,104
177,500003,0.87149726546905,1,105
165,500004,-1.5424401702091,1,783
165,500005,-0.89027080074431,1,784
165,178,1,1,785
178,500005,-0.89027080074431,1,786
170,500004,-1.818129513328,1,1034
80,500004,-0.21220270833569,1,1035
65,178,1,1,1036
178,500003,0.87149726546905,1,1037
25,177,-1.0085349264594,1,1246
161,178,-1.6896805277512,1,1247
117,179,0.2375,2,0.55401662049862,0.095000000000003,0.4432132963989,0.2,16
304,116
450,27
337,131
65,500003,0.87149726546905,0,102
149,500004,0.17751616527211,1,103
65,177,1,1,104
177,500003,0.87149726546905,1,105
165,500004,-1.5424401702091,1,783
165,500005,-0.89027080074431,1,784
165,178,1,0,785
178,500005,-0.89027080074431,1,786
170,500004,-1.818129513328,1,1034
80,500004,-0.21220270833569,1,1035
65,178,1,0,1036
178,500003,0.87149726546905,0,1037
90,178,-0.26291923330301,1,1252
139,500001,0.84695110230099,1,1253
165,179,1,1,1254
179,178,1,1,1255
119,119,0,0,1
119,177,0.225625,2.1052631578947,0.52631578947368,0.10526315789474,0.4,0.22160664819945,9
304,116
65,500003,0.87149726546905,1,102
149,500004,0.17751616527211,1,103
65,177,1,1,104
177,500003,0.87149726546905,1,105
39,500002,-0.048425453296425,1,772
53,177,0.32319902736843,1,773
158,500001,1.4170511362222,0,1237
50,500005,-1.152033166565,1,1238
42,500002,1.7338208238286,1,1239
119,177,0.225625,2.1052631578947,0.52631578947368,0.10526315789474,0.4,0.22160664819945,9
304,116
65,500003,0.87149726546905,1,102
149,500004,0.17751616527211,1,103
65,177,1,1,104
177,500003,0.87149726546905,1,105
39,500002,-0.048425453296425,1,772
53,177,0.32319902736843,1,773
158,500001,1.4170511362222,0,1237
50,500005,-1.152033166565,1,1238
42,500002,1.7338208238286,1,1239
49,49,0,0,1
49,178,0.2375,2.1052631578947,0.5,0.1,0.4432132963989,0.21052631578947,12
304,116
283,104
65,500003,0.87149726546905,0,102
149,500004,0.17751616527211,1,103
65,177,1,1,104
177,500003,0.87149726546905,1,105
39,500002,0.0023163678135334,1,772
53,177,0.32319902736843,1,773
149,500003,0.93496528218266,1,774
105,500001,1.3754155409408,1,775
105,500003,-1.6283602507917,1,1242
99,500001,-1.0967463753637,1,1243
65,178,1,1,1244
178,500003,0.87149726546905,1,1245
49,178,0.2375,2.1052631578947,0.5,0.1,0.4432132963989,0.21052631578947,12
304,116
283,104
65,500003,0.87149726546905,0,102
149,500004,0.17751616527211,1,103
65,177,1,1,104
177,500003,0.87149726546905,1,105
39,500002,0.0023163678135334,1,772
53,177,0.32319902736843,1,773
149,500003,0.93496528218266,1,774
105,500001,1.3754155409408,1,775
105,500003,-1.6283602507917,1,1242
99,500001,-1.0967463753637,1,1243
65,178,1,1,1244
178,500003,0.87149726546905,1,1245
110,110,0,0,1
110,179,0.2375,2.1052631578947,0.45125,0.1,0.42105263157895,0.2,15
304,116
276,177
353,147
65,500003,0.79559317101568,0,102
149,500004,0.17751616527211,1,103
65,177,1,1,104
177,500003,0.87149726546905,1,105
149,500003,0.93496528218266,1,774
105,500001,1.3754155409408,1,775
34,500004,-0.73016834572431,0,1029
152,500003,1.6950563880126,1,1030
55,500003,-0.082709309683512,1,1031
34,178,1,1,1032
178,500004,-0.73016834572431,0,1033
123,177,0.34821656641933,1,1263
167,500005,-1.6256914025292,1,1264
178,179,1,1,1265
179,500004,-0.73016834572431,1,1266
110,179,0.2375,2.1052631578947,0.45125,0.1,0.42105263157895,0.2,15
304,116
276,177
353,147
65,500003,0.79559317101568,0,102
149,500004,0.17751616527211,1,103
65,177,1,1,104
177,500003,0.87149726546905,1,105
149,500003,0.93496528218266,1,774
105,500001,1.3754155409408,1,775
34,500004,-0.73016834572431,0,1029
152,500003,1.6950563880126,1,1030
55,500003,-0.082709309683512,1,1031
34,178,1,1,1032
178,500004,-0.73016834572431,0,1033
123,177,0.34821656641933,1,1263
167,500005,-1.6256914025292,1,1264
178,179,1,1,1265
179,500004,-0.73016834572431,1,1266
24,24,0,0,1
24,176,0.25,2,0.5,0.1,0.46654031199884,0.2,6
81,500003,1.9828581046233,1,136
146,500004,1.4887807236467,1,137
55,500003,1.6448547075246,1,1053
124,500003,-1.555993607061,0,1054
135,500005,1.474053008237,1,1269
61,500005,1.460321794944,1,1270
24,176,0.25,2,0.5,0.1,0.46654031199884,0.2,6
81,500003,1.9828581046233,1,136
146,500004,1.4887807236467,1,137
55,500003,1.6448547075246,1,1053
124,500003,-1.555993607061,0,1054
135,500005,1.474053008237,1,1269
61,500005,1.460321794944,1,1270
61,61,0,0,1
61,176,0.2375,1.9,0.5,0.1,0.38,0.22160664819945,6
81,500003,1.9828581046233,1,136
146,500004,1.4887807236467,1,137
171,500003,0.77088674473152,1,1055
144,500005,-0.73262722742168,0,1056
63,500003,0.78139779101191,1,1271
128,500003,1.3143705629345,1,1272
61,176,0.2375,1.9,0.5,0.1,0.38,0.22160664819945,6
81,500003,1.9828581046233,1,136
146,500004,1.4887807236467,1,137
171,500003,0.77088674473152,1,1055
144,500005,-0.73262722742168,0,1056
63,500003,0.78139779101191,1,1271
128,500003,1.3143705629345,1,1272
61,61,0,0,1
61,176,0.225625,1.9,0.52631578947368,0.09025,0.4,0.22160664819945,7
81,500003,1.9828581046233,1,136
146,500004,1.4887807236467,1,137
171,500003,0.77088674473152,1,1055
144,500005,-0.73262722742168,0,1056
115,500001,-0.79422395433962,1,1061
56,500004,1.5169237831221,0,1062
10,500001,0.45113260785636,1,1273
61,176,0.225625,1.9,0.52631578947368,0.09025,0.4,0.22160664819945,7
81,500003,1.9828581046233,1,136
146,500004,1.4887807236467,1,137
171,500003,0.77088674473152,1,1055
144,500005,-0.73262722742168,0,1056
115,500001,-0.79422395433962,1,1061
56,500004,1.5169237831221,0,1062
10,500001,0.45113260785636,1,1273
90,90,0,0,1
90,176,0.27700831024931,2,0.45125,0.1,0.34295,0.19,6
39,500003,0.52352347714991,1,67
7,500005,-0.2762041046639,0,68
76,500005,-0.23519522658669,1,888
161,500003,1.0720858699978,1,889
50,500005,1.3312293474242,1,1274
174,500003,-1.0242752018498,1,1275
90,176,0.27700831024931,2,0.45125,0.1,0.34295,0.19,6
39,500003,0.52352347714991,1,67
7,500005,-0.2762041046639,0,68
76,500005,-0.23519522658669,1,888
161,500003,1.0720858699978,1,889
50,500005,1.3312293474242,1,1274
174,500003,-1.0242752018498,1,1275
107,107,0,0,1
107,176,0.26315789473684,2,0.45125,0.1,0.361,0.2,6
39,500003,0.52352347714991,1,67
7,500005,-0.2762041046639,0,68
76,500005,-0.23519522658669,1,888
161,500003,1.0720858699978,1,889
57,500004,-1.22017596812,1,1276
71,500005,1.5823043564252,1,1277
107,176,0.26315789473684,2,0.45125,0.1,0.361,0.2,6
39,500003,0.52352347714991,1,67
7,500005,-0.2762041046639,0,68
76,500005,-0.23519522658669,1,888
161,500003,1.0720858699978,1,889
57,500004,-1.22017596812,1,1276
71,500005,1.5823043564252,1,1277
74,74,0,0,1
74,177,0.27700831024931,2.1052631578947,0.52631578947368,0.10526315789474,0.361,0.21052631578947,8
352,174
39,500003,0.52352347714991,1,67
7,500005,-0.2762041046639,0,68
76,500005,-0.23519522658669,1,888
161,500003,1.0720858699978,1,889
145,500001,0.19737164778513,1,1281
120,500002,-0.62604314397371,1,1282
7,177,1,1,1283
177,500005,-0.2762041046639,0,1284
74,177,0.27700831024931,2.1052631578947,0.52631578947368,0.10526315789474,0.361,0.21052631578947,8
352,174
39,500003,0.52352347714991,1,67
7,500005,-0.2762041046639,0,68
76,500005,-0.23519522658669,1,888
161,500003,1.0720858699978,1,889
145,500001,0.19737164778513,1,1281
120,500002,-0.62604314397371,1,1282
7,177,1,1,1283
177,500005,-0.2762041046639,0,1284
74,74,0,0,1
74,177,0.26315789473684,2,0.475,0.1,0.4432132963989,0.19,10
251,190
35,500004,-1.2511710223049,1,352
12,500003,1.4769102760949,1,353
37,500004,0.86143163538605,1,979
34,500003,0.40902461409989,1,980
134,500003,-0.93165204437992,0,983
136,500004,-1.4385522433736,1,984
20,500005,0.36670867277622,1,1285
45,500002,0.60821179049472,1,1286
12,177,1,1,1287
177,500003,1.4769102760949,1,1288
74,177,0.26315789473684,2,0.475,0.1,0.4432132963989,0.19,10
251,190
35,500004,-1.2511710223049,1,352
12,500003,1.4769102760949,1,353
37,500004,0.86143163538605,1,979
34,500003,0.40902461409989,1,980
134,500003,-0.93165204437992,0,983
136,500004,-1.4385522433736,1,984
20,500005,0.36670867277622,1,1285
45,500002,0.60821179049472,1,1286
12,177,1,1,1287
177,500003,1.4769102760949,1,1288
100,364,0,0,5
100,177,0.26315789473684,2.1052631578947,0.55401662049861,0.1,0.38,0.2,6
254,52
157,500003,1.7065741008644,1,114
49,500003,1.5178072301288,1,115
157,177,1,0,116
177,500003,1.7065741008644,1,117
20,177,0.16970307108467,1,831
129,500003,1.5467784868306,1,832
100,177,0.26315789473684,2.1052631578947,0.55401662049861,0.1,0.38,0.2,6
254,52
157,500003,1.7065741008644,1,114
49,500003,1.5178072301288,1,115
157,177,1,0,116
177,500003,1.7065741008644,1,117
20,177,0.16970307108467,1,831
129,500003,1.5467784868306,1,832
100,178,0.26315789473684,2.1052631578947,0.55401662049861,0.095000000000003,0.38,0.21052631578947,10
254,52
475,59
157,500003,1.7065741008644,1,114
49,500003,1.5178072301288,0,115
157,177,1,1,116
177,500003,1.7065741008644,1,117
20,177,0.16970307108467,1,831
129,500003,1.5467784868306,1,832
75,177,-0.023608081985083,1,1299
96,500001,-1.1723063789179,0,1300
49,178,1,1,1301
178,500003,1.5178072301288,1,1302
23,177,0.26315789473684,2.2160664819945,0.58317538999854,0.095000000000003,0.38,0.21052631578947,9
254,52
157,500003,1.7065741008644,1,114
49,500003,1.5178072301288,1,115
157,177,1,0,116
177,500003,1.7065741008644,1,117
20,177,0.16970307108467,1,831
129,500003,1.5467784868306,0,832
131,177,-0.49268275056625,1,1521
35,500001,0.65890215088562,1,1522
19,500001,1.9245061222112,1,1523
100,178,0.26315789473684,2.1052631578947,0.58317538999854,0.10526315789474,0.361,0.19,11
254,52
219,171
157,500003,1.7065741008644,1,114
49,500003,1.5178072301288,0,115
157,177,1,1,116
177,500003,1.7065741008644,1,117
20,177,0.16970307108467,1,831
129,500003,1.5467784868306,1,832
123,500003,0.83288956192922,1,1524
15,500005,-0.81835271921863,1,1525
119,500001,-0.97957105328309,1,1526
49,178,1,1,1527
178,500003,1.5178072301288,1,1528
41,177,0.26315789473684,2,0.55401662049861,0.095000000000003,0.361,0.19,8
254,52
157,500003,1.7065741008644,1,114
49,500003,1.6046578605099,1,115
157,177,1,0,116
177,500003,1.7065741008644,1,117
20,177,0.16970307108467,1,831
129,500003,1.5467784868306,0,832
30,500002,0.21015245384078,1,1529
161,500005,0.061949566966831,1,1530
0,0,1,1,1
0,178,0.27700831024931,2.1052631578947,0.58317538999854,0.10526315789474,0.4,0.21052631578947,10
254,52
251,58
157,500003,1.7065741008644,0,114
49,500003,1.5178072301288,0,115
157,177,1,0,116
177,500003,1.7065741008644,1,117
153,500005,1.110269443649,1,1101
36,500005,-0.55811418153258,1,1102
160,500004,1.3032338988517,1,1295
177,177,1.9087073374115,1,1296
49,178,1,0,1297
178,500003,1.5178072301288,1,1298
0,178,0.27700831024931,2.1052631578947,0.58317538999854,0.10526315789474,0.4,0.21052631578947,10
254,52
251,58
157,500003,1.7065741008644,0,114
49,500003,1.5178072301288,0,115
157,177,1,0,116
177,500003,1.7065741008644,1,117
153,500005,1.110269443649,1,1101
36,500005,-0.55811418153258,1,1102
160,500004,1.3032338988517,1,1295
177,177,1.9087073374115,1,1296
49,178,1,0,1297
178,500003,1.5178072301288,1,1298
41,82,0,0,2
41,176,0.2375,1.9,0.475,0.1,0.38,0.2,4
149,500003,1.1027597706312,1,237
59,500001,1.3652080201382,1,238
49,500004,0.58670251149996,1,849
40,500002,0.68867385140093,1,850
41,176,0.2375,1.9,0.475,0.1,0.38,0.2,4
149,500003,1.1027597706312,1,237
59,500001,1.3652080201382,1,238
49,500004,0.58670251149996,1,849
40,500002,0.68867385140093,1,850
41,177,0.25,1.9,0.475,0.095000000000003,0.361,0.2,8
234,44
149,500003,1.1027597706312,1,237
59,500001,1.3652080201382,1,238
49,500004,0.58670251149996,1,849
40,500002,0.68867385140093,1,850
25,500003,1.4115765073391,0,1601
79,500005,-0.67637968374248,1,1602
59,177,1,1,1603
177,500001,1.3652080201382,1,1604
100,274,0,0,3
100,178,0.26315789473684,2.2160664819944,0.52631578947368,0.10526315789474,0.34295,0.19,11
479,81
281,125
131,500003,0.87568491458692,0,194
122,500005,-1.0810679770452,1,195
131,177,1,1,196
177,500003,0.87568491458692,1,197
56,500003,0.79420500937579,1,928
6,500002,-1.4204744563533,1,929
131,178,1,1,930
178,500003,0.87568491458692,1,931
121,178,-0.20110933026351,1,1363
150,178,0.9976600422513,1,1364
1,500004,-0.35675524843706,1,1365
100,178,0.26315789473684,2.2160664819944,0.52631578947368,0.10526315789474,0.34295,0.19,11
479,81
281,125
131,500003,0.87568491458692,0,194
122,500005,-1.0810679770452,1,195
131,177,1,1,196
177,500003,0.87568491458692,1,197
56,500003,0.79420500937579,1,928
6,500002,-1.4204744563533,1,929
131,178,1,1,930
178,500003,0.87568491458692,1,931
121,178,-0.20110933026351,1,1363
150,178,0.9976600422513,1,1364
1,500004,-0.35675524843706,1,1365
74,179,0.25,2.1052631578947,0.5,0.11080332409972,0.4,0.2,14
479,81
281,125
331,129
131,500003,0.87568491458692,1,194
122,500005,-1.0810679770452,0,195
131,177,1,1,196
177,500003,0.87568491458692,1,197
78,500002,1.4721542519853,1,665
86,500004,0.74007296689789,1,666
56,500003,0.79420500937579,1,928
6,500002,-1.4204744563533,1,929
131,178,1,0,930
178,500003,0.87568491458692,1,931
170,500004,-0.43047179208625,1,1370
25,178,1.6595908103788,1,1371
131,179,1,1,1372
179,178,1,1,1373
100,179,0.26315789473684,2,0.52631578947368,0.10526315789474,0.34295,0.1805,14
479,81
281,125
353,133
131,500003,0.87568491458692,1,194
122,500005,-1.0810679770452,1,195
131,177,1,1,196
177,500003,0.87568491458692,1,197
61,500004,1.0736637371935,1,908
166,500004,-1.3992519934658,1,909
56,500003,0.79420500937579,1,928
6,500002,-1.4204744563533,1,929
131,178,1,1,930
178,500003,1.0759544331003,1,931
95,500004,1.9044171720298,1,1374
100,178,0.57248670913861,1,1375
122,179,1,0,1376
179,500005,-1.0810679770452,1,1377
101,101,0,0,1
101,179,0.26315789473684,2,0.55401662049861,0.10526315789474,0.38,0.1805,14
479,81
394,141
250,177
131,500003,0.87568491458692,0,194
122,500005,-1.0810679770452,1,195
131,177,1,1,196
177,500003,0.87568491458692,1,197
61,500004,1.0736637371935,1,908
166,500004,-1.3992519934658,1,909
116,177,-0.33934263435162,0,920
70,500001,-1.0019023078503,1,921
116,178,1,0,922
178,177,-0.33934263435162,0,923
131,500004,0.17646142196677,1,1366
63,500001,-1.1171761579426,1,1367
116,179,1,1,1368
179,178,1,1,1369
101,179,0.26315789473684,2,0.55401662049861,0.10526315789474,0.38,0.1805,14
479,81
394,141
250,177
131,500003,0.87568491458692,0,194
122,500005,-1.0810679770452,1,195
131,177,1,1,196
177,500003,0.87568491458692,1,197
61,500004,1.0736637371935,1,908
166,500004,-1.3992519934658,1,909
116,177,-0.33934263435162,0,920
70,500001,-1.0019023078503,1,921
116,178,1,0,922
178,177,-0.33934263435162,0,923
131,500004,0.17646142196677,1,1366
63,500001,-1.1171761579426,1,1367
116,179,1,1,1368
179,178,1,1,1369
100,100,0,0,1
100,177,0.26315789473684,2.1052631578947,0.58317538999854,0.095,0.42105263157895,0.2,9
479,81
131,500003,0.87568491458692,1,194
122,500005,-1.0810679770452,1,195
131,177,1,1,196
177,500003,0.90606626038024,1,197
159,500003,-1.6391791960407,1,938
120,500004,-1.25836154784,0,939
20,500005,1.8625345788256,1,1385
157,500003,-0.096278131984304,1,1386
52,177,-0.85955844952704,1,1387
100,177,0.26315789473684,2.1052631578947,0.58317538999854,0.095,0.42105263157895,0.2,9
479,81
131,500003,0.87568491458692,1,194
122,500005,-1.0810679770452,1,195
131,177,1,1,196
177,500003,0.90606626038024,1,197
159,500003,-1.6391791960407,1,938
120,500004,-1.25836154784,0,939
20,500005,1.8625345788256,1,1385
157,500003,-0.096278131984304,1,1386
52,177,-0.85955844952704,1,1387
21,21,0,0,1
21,178,0.25,2.1052631578947,0.5,0.1,0.361,0.2,12
479,81
244,89
131,500003,0.87568491458692,0,194
122,500005,-1.0810679770452,1,195
131,177,1,1,196
177,500003,0.87568491458692,1,197
170,500002,0.95519468512162,0,669
2,500003,-0.35658575145369,1,670
131,178,1,1,671
178,500003,0.87568491458692,1,672
159,500003,-1.6391791960407,1,938
120,500004,-1.25836154784,1,939
56,500003,-1.6260609867173,1,1409
103,500005,1.5122225971484,1,1410
21,178,0.25,2.1052631578947,0.5,0.1,0.361,0.2,12
479,81
244,89
131,500003,0.87568491458692,0,194
122,500005,-1.0810679770452,1,195
131,177,1,1,196
177,500003,0.87568491458692,1,197
170,500002,0.95519468512162,0,669
2,500003,-0.35658575145369,1,670
131,178,1,1,671
178,500003,0.87568491458692,1,672
159,500003,-1.6391791960407,1,938
120,500004,-1.25836154784,1,939
56,500003,-1.6260609867173,1,1409
103,500005,1.5122225971484,1,1410
89,89,0,0,1
89,179,0.21434375,2.1052631578947,0.5,0.095,0.42105263157895,0.171475,15
241,7
240,170
285,176
91,500003,0.27729347081729,1,348
88,500002,1.2708697017612,1,349
88,177,1,1,350
177,500002,1.2708697017612,0,351
66,500005,-0.10930664563054,0,755
21,500001,1.6165406683537,1,756
122,500001,1.4949302661326,1,757
13,500001,-0.14714489045886,1,987
117,500003,1.7719728573095,1,988
91,178,1,1,989
178,500003,0.27729347081729,1,990
93,500002,0.25375347689435,1,1424
99,500002,0.11438594298176,1,1425
66,179,1,1,1426
179,500005,-0.10930664563054,1,1427
89,179,0.21434375,2.1052631578947,0.5,0.095,0.42105263157895,0.171475,15
241,7
240,170
285,176
91,500003,0.27729347081729,1,348
88,500002,1.2708697017612,1,349
88,177,1,1,350
177,500002,1.2708697017612,0,351
66,500005,-0.10930664563054,0,755
21,500001,1.6165406683537,1,756
122,500001,1.4949302661326,1,757
13,500001,-0.14714489045886,1,987
117,500003,1.7719728573095,1,988
91,178,1,1,989
178,500003,0.27729347081729,1,990
93,500002,0.25375347689435,1,1424
99,500002,0.11438594298176,1,1425
66,179,1,1,1426
179,500005,-0.10930664563054,1,1427
100,100,0,0,1
100,179,0.225625,1.9,0.55401662049861,0.10526315789474,0.4,0.19,14
241,7
240,170
326,186
91,500003,0.27729347081729,0,348
88,500002,1.2708697017612,0,349
88,177,1,1,350
177,500002,1.2708697017612,0,351
77,177,-0.68569117909562,0,753
129,500002,-1.3725282695948,1,754
13,500001,-0.14714489045886,1,987
117,500003,1.7719728573095,1,988
91,178,1,1,989
178,500003,0.27729347081729,1,990
168,177,-0.71229408621429,1,1428
76,500003,-0.34304674637646,1,1429
77,179,1,1,1430
179,177,-0.68569117909562,1,1431
100,179,0.225625,1.9,0.55401662049861,0.10526315789474,0.4,0.19,14
241,7
240,170
326,186
91,500003,0.27729347081729,0,348
88,500002,1.2708697017612,0,349
88,177,1,1,350
177,500002,1.2708697017612,0,351
77,177,-0.68569117909562,0,753
129,500002,-1.3725282695948,1,754
13,500001,-0.14714489045886,1,987
117,500003,1.7719728573095,1,988
91,178,1,1,989
178,500003,0.27729347081729,1,990
168,177,-0.71229408621429,1,1428
76,500003,-0.34304674637646,1,1429
77,179,1,1,1430
179,177,-0.68569117909562,1,1431
109,109,0,0,1
109,177,0.27700831024931,2.2160664819944,0.52631578947368,0.10526315789474,0.4,0.19,9
350,33
39,500003,0.52352347714991,1,67
7,500005,-0.2762041046639,0,68
58,500002,-1.4494565257102,0,897
7,500003,-0.17673712511395,1,898
58,500002,-1.4029989779941,1,1495
127,500002,1.9707352276755,0,1496
85,500004,0.073916752857117,1,1497
58,177,1,1,1498
177,500002,-1.4494565257102,1,1499
109,177,0.27700831024931,2.2160664819944,0.52631578947368,0.10526315789474,0.4,0.19,9
350,33
39,500003,0.52352347714991,1,67
7,500005,-0.2762041046639,0,68
58,500002,-1.4494565257102,0,897
7,500003,-0.17673712511395,1,898
58,500002,-1.4029989779941,1,1495
127,500002,1.9707352276755,0,1496
85,500004,0.073916752857117,1,1497
58,177,1,1,1498
177,500002,-1.4494565257102,1,1499
0,0,1,1,1
0,177,0.27700831024931,2.2160664819944,0.5,0.11080332409973,0.34295,0.1805,10
207,9
39,500003,0.52352347714991,0,67
7,500005,-0.2762041046639,0,68
117,500004,-1.5170891487585,1,878
136,500005,0.28049171635904,1,879
76,500005,-0.23519522658669,1,888
161,500003,1.0720858699978,0,889
162,500001,0.26425981999573,1,1500
164,500002,0.8386000557051,1,1501
161,177,1,1,1502
177,500003,1.0720858699978,1,1503
0,177,0.27700831024931,2.2160664819944,0.5,0.11080332409973,0.34295,0.1805,10
207,9
39,500003,0.52352347714991,0,67
7,500005,-0.2762041046639,0,68
117,500004,-1.5170891487585,1,878
136,500005,0.28049171635904,1,879
76,500005,-0.23519522658669,1,888
161,500003,1.0720858699978,0,889
162,500001,0.26425981999573,1,1500
164,500002,0.8386000557051,1,1501
161,177,1,1,1502
177,500003,1.0720858699978,1,1503
100,100,0,0,1
100,177,0.26315789473684,2.2160664819944,0.52631578947368,0.10526315789474,0.38,0.2,10
368,18
39,500003,0.52352347714991,1,67
7,500005,-0.2762041046639,1,68
7,500005,-1.4911044572904,1,589
146,500005,-1.7117860818802,1,590
58,500002,-1.4494565257102,0,897
7,500003,-0.17673712511395,1,898
62,500005,-1.7110968156304,1,1504
80,500004,-0.63679153036177,1,1505
58,177,1,1,1506
177,500002,-1.4494565257102,1,1507
100,177,0.26315789473684,2.2160664819944,0.52631578947368,0.10526315789474,0.38,0.2,10
368,18
39,500003,0.52352347714991,1,67
7,500005,-0.2762041046639,1,68
7,500005,-1.4911044572904,1,589
146,500005,-1.7117860818802,1,590
58,500002,-1.4494565257102,0,897
7,500003,-0.17673712511395,1,898
62,500005,-1.7110968156304,1,1504
80,500004,-0.63679153036177,1,1505
58,177,1,1,1506
177,500002,-1.4494565257102,1,1507
100,100,0,0,1
100,176,0.25,2.2160664819944,0.45125,0.095,0.4,0.2,9
35,500004,-1.2511710223049,1,352
12,500003,1.4769102760949,1,353
60,500005,0.62372413772332,0,965
113,500001,-0.49978491780338,1,966
134,500003,-0.93165204437992,1,983
136,500004,-1.4385522433736,1,984
161,500001,0.48991398629263,1,1516
128,500004,-1.6611103302152,1,1517
173,500003,1.546993046788,1,1518
100,176,0.25,2.2160664819944,0.45125,0.095,0.4,0.2,9
35,500004,-1.2511710223049,1,352
12,500003,1.4769102760949,1,353
60,500005,0.62372413772332,0,965
113,500001,-0.49978491780338,1,966
134,500003,-0.93165204437992,1,983
136,500004,-1.4385522433736,1,984
161,500001,0.48991398629263,1,1516
128,500004,-1.6611103302152,1,1517
173,500003,1.546993046788,1,1518
0,0,1,1,1
0,176,0.25,2.1052631578947,0.52631578947368,0.095,0.4,0.2,6
35,500004,-1.2511710223049,1,352
12,500003,1.4769102760949,1,353
60,500005,0.62372413772332,1,965
113,500001,-0.49978491780338,0,966
86,500001,-0.26405272738266,1,1519
118,500004,1.5109427997428,1,1520
0,176,0.25,2.1052631578947,0.52631578947368,0.095,0.4,0.2,6
35,500004,-1.2511710223049,1,352
12,500003,1.4769102760949,1,353
60,500005,0.62372413772332,1,965
113,500001,-0.49978491780338,0,966
86,500001,-0.26405272738266,1,1519
118,500004,1.5109427997428,1,1520
