4,2611,69,2,109,101,161
80,0,1,1,1
80,124,0.2375,2,0.5,0.1,0.34295,0.2,6
77,500003,1.6467177343059,1,167
64,500004,-1.5895870845668,0,168
64,123,1,1,888
123,500004,1.9973143711661,0,889
64,124,1,1,1655
124,500004,1.9973143711661,0,1656
0,124,0.2375,2,0.475,0.1,0.34295,0.2,6
77,500003,1.6467177343059,0,167
64,500004,-1.5895870845668,1,168
64,123,1,1,888
123,500004,1.9973143711661,0,889
64,124,1,1,1655
124,500004,1.9973143711661,0,1656
80,214,2,1,3
80,124,0.2375,2,0.45125,0.095,0.38,0.2,6
77,500003,0.78939176610614,1,491
70,500002,1.5310975580374,0,492
70,123,1,0,1068
123,500002,1.5310975580374,0,1069
70,124,1,1,1758
124,123,1,0,1759
67,125,0.25,2,0.45125,0.1,0.361,0.19,8
77,500003,0.78939176610614,1,491
70,500002,1.5310975580374,1,492
70,123,1,0,1068
123,500002,1.5310975580374,0,1069
70,124,1,1,1758
124,123,1,0,1759
124,125,1.099359111301,1,2243
125,123,1,0,2244
67,124,0.21434375,2,0.4286875,0.1,0.42105263157895,0.21052631578947,6
77,500003,0.78939176610614,1,491
70,500002,1.5310975580374,0,492
70,123,1,0,1068
123,500002,1.5276762725014,1,1069
70,124,1,1,2247
124,123,1,1,2248
80,125,0.2375,1.9,0.4286875,0.11080332409973,0.42105263157895,0.21052631578947,8
77,500003,0.78939176610614,1,491
70,500002,1.5310975580374,0,492
70,123,1,1,1068
123,500002,1.5276762725014,0,1069
70,124,1,0,1758
124,123,1,0,1759
70,125,1,1,2251
125,124,1,1,2252
80,146,2,1,3
80,123,0.25,1.71475,0.5,0.11080332409973,0.42105263157895,0.21052631578947,4
77,500003,1.6467177343059,1,167
64,500004,1.9973143711661,0,168
64,123,1,0,982
123,500004,1.9973143711661,1,983
73,124,0.2375,1.9,0.52631578947368,0.11080332409973,0.38,0.2,6
77,500003,1.6467177343059,1,167
64,500004,1.9973143711661,0,168
64,123,1,0,982
123,500004,1.9973143711661,1,983
64,124,1,1,1686
124,500004,1.9973143711661,1,1687
73,125,0.225625,1.805,0.55401662049861,0.12277376631549,0.4,0.21052631578947,8
77,500003,1.6467177343059,1,167
64,500004,1.9973143711661,1,168
64,123,1,0,982
123,500004,1.9973143711661,1,983
64,124,1,0,1686
124,500004,1.9973143711661,0,1687
64,125,1,0,2257
125,124,1,1,2258
0,123,0.2375,1.805,0.475,0.11080332409973,0.44321329639889,0.22160664819944,4
77,500003,1.6467177343059,0,167
64,500004,1.9973143711661,1,168
64,123,1,0,982
123,500004,1.9973143711661,1,983
80,214,2,1,3
80,123,0.26315789473684,2.1052631578947,0.5,0.1,0.4,0.22160664819944,4
77,500003,0.78939176610614,0,491
70,500002,1.5310975580374,0,492
77,123,1,1,1076
123,500003,0.78939176610614,1,1077
80,124,0.25,2.1052631578947,0.5,0.095,0.38,0.21052631578947,6
77,500003,0.78939176610614,0,491
70,500002,1.5310975580374,0,492
77,123,1,1,1076
123,500003,0.78939176610614,1,1077
70,124,0.98797097689749,0,2263
124,500002,1.5310975580374,1,2264
67,125,0.26315789473684,1.805,0.52631578947368,0.11663507799972,0.38,0.21052631578947,8
77,500003,0.78939176610614,0,491
70,500002,1.5875255212093,0,492
77,123,1,1,1076
123,500003,0.78939176610614,1,1077
70,124,1,1,1696
124,500002,1.5310975580374,1,1697
70,125,1,1,2267
125,500002,1.5875255212093,0,2268
67,124,0.26315789473684,1.9,0.55401662049861,0.11663507799972,0.4,0.2,6
77,500003,0.78939176610614,0,491
70,500002,1.5875255212093,0,492
77,123,1,1,1076
123,500003,0.78939176610614,1,1077
70,124,1,1,1696
124,500002,1.5310975580374,1,1697
80,134,2,1,2
80,123,0.2375,1.805,0.5,0.11080332409973,0.361,0.2,4
77,500003,0.78939176610614,1,491
70,500002,1.5310975580374,0,492
70,123,1,1,1098
123,500002,1.5310975580374,0,1099
67,124,0.2375,1.9,0.5,0.10526315789474,0.361,0.2,6
77,500003,0.78939176610614,0,491
70,500002,1.5310975580374,1,492
70,123,1,1,1098
123,500002,1.5310975580374,0,1099
77,124,1,1,2272
124,500003,0.78939176610614,1,2273
67,124,0.2375,2,0.5,0.11080332409973,0.4,0.2,6
77,500003,0.78939176610614,1,491
70,500002,1.5310975580374,1,492
70,123,0.96897070704961,1,1098
123,500002,1.5310975580374,1,1099
70,124,1,1,1708
124,500002,1.5310975580374,0,1709
80,240,2,1,3
80,124,0.225625,1.71475,0.5,0.11663507799972,0.4,0.1805,6
77,500003,0.78939176610614,1,491
70,500002,1.5310975580374,0,492
70,123,1,0,1153
123,500002,1.5310975580374,0,1154
70,124,1,1,1750
124,123,1,1,1751
80,124,0.225625,1.805,0.5,0.11080332409973,0.38,0.2,6
77,500003,0.78939176610614,1,491
70,500002,1.5310975580374,0,492
70,123,1.0539120882633,0,1153
123,500002,1.5310975580374,0,1154
70,124,1,1,1750
124,123,1,1,1751
80,124,0.2375,1.9,0.475,0.10526315789474,0.4,0.1805,6
77,500003,0.78939176610614,1,491
70,500002,1.5310975580374,0,492
70,123,1,1,1153
123,500002,1.5310975580374,0,1154
70,124,1,1,2282
124,500002,1.5310975580374,0,2283
80,125,0.21434375,1.6290125,0.5,0.11080332409973,0.42105263157895,0.19,8
77,500003,0.78939176610614,1,491
70,500002,1.5310975580374,0,492
70,123,1,1,1153
123,500002,1.5310975580374,0,1154
70,124,1,1,1750
124,123,1,1,1751
70,125,1,1,2286
125,500002,1.5310975580374,0,2287
80,226,1,1,3
73,123,0.25,2,0.55401662049861,0.11663507799972,0.34295,0.171475,4
77,500003,1.6467177343059,0,167
64,500004,1.9973143711661,1,168
77,123,1,1,942
123,500003,1.6015508742107,1,943
73,124,0.2375,2,0.55401662049861,0.11080332409973,0.3258025,0.2,6
77,500003,1.610464112135,1,167
64,500004,1.9973143711661,0,168
77,123,1,1,942
123,500003,1.6467177343059,1,943
64,124,1,1,1978
124,500004,1.9973143711661,1,1979
73,124,0.25,2.1052631578947,0.52631578947368,0.11080332409973,0.34295,0.1805,6
77,500003,1.6467177343059,1,167
64,500004,1.9973143711661,1,168
77,123,1,1,942
123,500003,1.6015508742107,0,943
123,124,1,1,2292
124,500003,1.6649651244271,1,2293
80,124,0.225625,2.1052631578947,0.58317538999854,0.11663507799972,0.3258025,0.2,6
77,500003,1.6467177343059,1,167
64,500004,1.9973143711661,0,168
77,123,1,1,942
123,500003,1.6467177343059,0,943
64,124,1,0,1978
124,500004,1.9973143711661,1,1979
80,160,2,1,3
80,123,0.2375,1.805,0.5,0.10526315789474,0.42105263157895,0.19,4
77,500003,1.6127136898003,1,167
64,500004,1.9973143711661,0,168
64,123,1,0,1022
123,500004,1.9973143711661,0,1023
0,124,0.2375,1.71475,0.475,0.1,0.44321329639889,0.2,6
77,500003,1.6127136898003,0,167
64,500004,1.9973143711661,0,168
64,123,1,0,1022
123,500004,1.9973143711661,1,1023
123,124,1,1,2297
124,500004,2.0713919492172,0,2298
80,123,0.225625,1.71475,0.52631578947368,0.10526315789474,0.4,0.19,4
77,500003,1.6127136898003,1,167
64,500004,1.9973143711661,0,168
64,123,0.98358746685128,1,1022
123,500004,1.9973143711661,0,1023
80,123,0.225625,1.71475,0.52631578947368,0.11080332409973,0.42105263157895,0.1805,4
77,500003,1.6127136898003,1,167
64,500004,1.9973143711661,0,168
64,123,1,0,1022
123,500004,1.9973143711661,1,1023
80,160,1,1,2
80,123,0.2375,2.1052631578947,0.52631578947368,0.10526315789474,0.38,0.1805,4
77,500003,1.6467177343059,0,167
64,500004,1.9973143711661,0,168
77,123,1.7980895413068,1,866
123,500003,1.6467177343059,1,867
80,124,0.2375,2.1052631578947,0.52631578947368,0.10526315789474,0.4,0.171475,6
77,500003,1.6467177343059,1,167
64,500004,1.9973143711661,0,168
77,123,1.7980895413068,1,866
123,500003,1.6337746738134,1,867
123,124,1,1,1945
124,500003,1.6467177343059,1,1946
80,123,0.25,2,0.52631578947368,0.10526315789474,0.361,0.171475,4
77,500003,1.6467177343059,0,167
64,500004,1.9973143711661,0,168
77,123,1.7980895413068,1,866
123,500003,1.6467177343059,1,867
80,219,1,1,3
73,124,0.2375,1.9,0.52631578947368,0.11080332409973,0.4,0.171475,6
77,500003,1.6467177343059,1,167
64,500004,1.9973143711661,0,168
64,123,0.9472985074589,1,1044
123,500004,1.9973143711661,0,1045
123,124,1,1,1848
124,500004,1.9973143711661,1,1849
73,125,0.2036265625,1.805,0.52631578947368,0.1,0.38,0.1805,10
77,500003,1.6467177343059,1,167
64,500004,1.9973143711661,0,168
64,123,1,1,1044
123,500004,1.9973143711661,1,1045
123,124,1,1,1848
124,500004,1.9973143711661,1,1849
64,124,1,0,1855
124,500004,1.9973143711661,0,1856
64,125,1,1,2311
125,124,1,1,2312
73,124,0.225625,2,0.55401662049861,0.10526315789474,0.38,0.16290125,6
77,500003,1.6467177343059,1,167
64,500004,1.9973143711661,0,168
64,123,0.9472985074589,1,1044
123,500004,1.9973143711661,1,1045
123,124,1,1,1848
124,500004,1.9973143711661,1,1849
73,125,0.25,1.805,0.5,0.11663507799972,0.4,0.16290125,8
77,500003,1.6467177343059,1,167
64,500004,1.9973143711661,0,168
64,123,0.9472985074589,1,1044
123,500004,1.9973143711661,0,1045
123,124,1,1,1848
124,500004,1.9973143711661,1,1849
123,125,1,1,2317
125,500004,1.9973143711661,0,2318
80,160,1,1,2
80,123,0.2375,1.71475,0.52631578947368,0.10526315789474,0.4,0.21052631578947,4
77,500003,1.6467177343059,1,167
64,500004,1.9973143711661,0,168
64,123,1,1,964
123,500004,1.9973143711661,0,965
80,125,0.2375,1.6290125,0.55401662049861,0.10526315789474,0.4,0.2,8
77,500003,1.6467177343059,1,167
64,500004,-0.87301248207038,1,168
64,123,1,1,964
123,500004,1.9973143711661,0,965
64,124,1,1,1863
124,123,1,1,1864
123,125,1,0,2323
125,500004,1.9973143711661,1,2324
80,125,0.225625,1.805,0.52631578947368,0.11080332409973,0.42105263157895,0.22160664819944,8
77,500003,1.6467177343059,1,167
64,500004,1.9973143711661,0,168
64,123,1,1,964
123,500004,1.9973143711661,0,965
64,124,1,1,1863
124,123,1,1,1864
64,125,1,1,2326
125,500004,1.9973143711661,0,2327
80,147,2,1,2
80,123,0.225625,1.9,0.45125,0.1,0.4,0.2,4
77,500003,0.78939176610614,1,491
70,500002,1.8345896786401,0,492
77,123,1,1,1169
123,500003,0.78939176610614,0,1170
80,124,0.25,2.2160664819944,0.475,0.1,0.361,0.21052631578947,6
77,500003,0.78939176610614,0,491
70,500002,1.8345896786401,0,492
77,123,1,1,1169
123,500003,0.78939176610614,1,1170
77,124,1,1,1776
124,500003,0.78939176610614,0,1777
67,124,0.26315789473684,2.2160664819944,0.475,0.10526315789474,0.361,0.2,6
77,500003,0.78939176610614,1,491
70,500002,1.8345896786401,1,492
77,123,1.1049997349708,1,1169
123,500003,0.78939176610614,1,1170
77,124,1,1,1776
124,500003,0.78939176610614,0,1777
80,134,2,1,2
67,124,0.2375,2.1052631578947,0.5,0.10526315789474,0.42105263157895,0.19,6
77,500003,0.78939176610614,0,491
70,500002,1.5310975580374,1,492
70,123,1,1,1173
123,500002,1.5310975580374,1,1174
77,124,1,1,1720
124,500003,0.78939176610614,1,1721
67,125,0.25,2.2160664819944,0.5,0.10526315789474,0.44321329639889,0.1805,8
77,500003,0.78939176610614,0,491
70,500002,1.5310975580374,1,492
70,123,1,1,1173
123,500002,1.5310975580374,1,1174
77,124,1,1,1720
124,500003,0.78939176610614,1,1721
123,125,1,1,2338
125,500002,1.5310975580374,1,2339
67,125,0.26315789473684,2.1052631578947,0.52631578947368,0.11663507799972,0.42105263157895,0.19,10
77,500003,0.78939176610614,1,491
70,500002,1.5310975580374,1,492
70,123,1,0,1173
123,500002,1.5310975580374,0,1174
77,124,1,1,1720
124,500003,0.78939176610614,1,1721
123,124,1,0,1724
124,500002,1.5310975580374,0,1725
123,125,1,1,2342
125,124,1,1,2343
80,134,1,1,3
67,124,0.25,1.71475,0.475,0.10526315789474,0.4,0.2,6
77,500003,0.78939176610614,1,491
70,500002,1.5310975580374,1,492
70,123,0.95002403860989,0,1072
123,500002,1.5310975580374,0,1073
70,124,1,1,2043
124,123,0.95002403860989,1,2044
67,124,0.2375,1.71475,0.475,0.11080332409973,0.42105263157895,0.19,6
77,500003,0.70449789570227,1,491
70,500002,1.5310975580374,1,492
70,123,0.95002403860989,0,1072
123,500002,1.5310975580374,1,1073
70,124,1,1,2043
124,123,0.95002403860989,1,2044
67,125,0.25,1.805,0.475,0.10526315789474,0.38,0.19,8
77,500003,0.78939176610614,1,491
70,500002,1.5881864456056,0,492
70,123,0.95002403860989,0,1072
123,500002,1.5310975580374,0,1073
70,124,1,1,2043
124,123,0.95002403860989,1,2044
70,125,1,1,2347
125,500002,1.5310975580374,1,2348
0,123,0.225625,2,0.475,0.10526315789474,0.361,0.21052631578947,4
77,500003,0.78939176610614,0,491
70,500002,1.5310975580374,0,492
70,123,0.95002403860989,1,1072
123,500002,1.5310975580374,0,1073
80,147,1,1,2
67,124,0.25,2,0.52631578947368,0.1,0.4,0.22160664819944,6
77,500003,0.78939176610614,0,491
70,500002,1.5310975580374,0,492
70,123,1,1,1123
123,500002,1.5104574082076,1,1124
77,124,1,1,2009
124,500003,0.78939176610614,1,2010
80,124,0.25,2,0.5,0.11663507799972,0.361,0.2,6
77,500003,0.78939176610614,1,491
70,500002,1.5803769196544,0,492
70,123,1.0695496319174,1,1123
123,500002,1.5104574082076,0,1124
77,124,1,1,2009
124,500003,0.78939176610614,1,2010
67,124,0.2375,2,0.475,0.10526315789474,0.34295,0.22160664819944,6
77,500003,0.78939176610614,0,491
70,500002,1.5803769196544,0,492
70,123,1,1,1123
123,500002,1.5104574082076,1,1124
77,124,1,1,2355
124,500003,0.78939176610614,1,2356
80,240,2,1,3
80,124,0.26315789473684,1.71475,0.52631578947368,0.095,0.38,0.2,6
77,500003,0.78939176610614,0,491
70,500002,1.5310975580374,0,492
77,123,0.99132358775597,1,1195
123,500003,0.78939176610614,1,1196
77,124,1,1,1647
124,500003,0.78939176610614,0,1648
80,125,0.26315789473684,1.71475,0.5,0.095,0.38,0.21052631578947,10
77,500003,0.78939176610614,0,491
70,500002,1.5310975580374,0,492
77,123,0.99132358775597,1,1195
123,500003,0.78939176610614,0,1196
77,124,1,1,1643
124,500003,0.78939176610614,1,1644
77,124,1,1,1647
124,500003,0.78939176610614,0,1648
123,125,1,1,2361
125,500003,0.74053636280404,1,2362
80,124,0.27700831024931,1.71475,0.52631578947368,0.1,0.361,0.19,8
77,500003,0.78939176610614,1,491
70,500002,1.5310975580374,0,492
77,123,0.99132358775597,0,1195
123,500003,0.78939176610614,1,1196
77,124,1,1,1643
124,500003,0.78939176610614,0,1644
77,124,1,1,1647
124,500003,0.78939176610614,0,1648
80,124,0.27700831024931,1.805,0.55401662049861,0.09025,0.4,0.2,8
77,500003,0.78939176610614,0,491
70,500002,1.5310975580374,0,492
77,123,0.99132358775597,1,1195
123,500003,0.78939176610614,1,1196
77,124,1,1,1643
124,500003,0.78939176610614,0,1644
77,124,1,1,1647
124,500003,0.78939176610614,1,1648
80,226,0,0,3
73,124,0.25,1.9,0.5,0.1,0.361,0.171475,6
77,500003,1.6467177343059,0,167
64,500004,1.9973143711661,1,168
77,123,0.99959410382397,1,987
123,500003,1.6467177343059,0,988
123,124,1,1,1986
124,500003,1.6467177343059,1,1987
73,124,0.26315789473684,1.9,0.475,0.10526315789474,0.361,0.16290125,6
77,500003,1.6467177343059,0,167
64,500004,1.9973143711661,1,168
77,123,0.99959410382397,1,987
123,500003,1.6467177343059,0,988
123,124,1,1,1986
124,500003,1.6467177343059,1,1987
73,125,0.26315789473684,1.805,0.475,0.10526315789474,0.38,0.171475,8
77,500003,1.6467177343059,0,167
64,500004,1.9973143711661,1,168
77,123,0.99959410382397,1,987
123,500003,1.6467177343059,0,988
123,124,1,0,1986
124,500003,1.6467177343059,1,1987
123,125,1,1,2370
125,124,1,1,2371
80,124,0.25,2,0.52631578947368,0.095,0.361,0.1805,6
77,500003,1.6467177343059,1,167
64,500004,2.0684534745323,0,168
77,123,0.99959410382397,1,987
123,500003,1.6467177343059,0,988
123,124,1,1,1986
124,500003,1.6467177343059,1,1987
73,146,2,1,2
73,123,0.2375,2.1052631578947,0.55401662049861,0.11663507799972,0.361,0.1805,4
77,500003,1.5603562702053,1,167
64,500004,1.9973143711661,0,168
64,123,1,1,998
123,500004,1.9973143711661,1,999
73,124,0.225625,2,0.55401662049861,0.12277376631549,0.4,0.1805,6
77,500003,1.5603562702053,1,167
64,500004,1.9973143711661,0,168
64,123,1,1,998
123,500004,1.9973143711661,1,999
64,124,1,1,2376
124,500004,1.9973143711661,0,2377
73,124,0.2375,1.9,0.55401662049861,0.11080332409973,0.4,0.19,6
77,500003,1.5284919029153,1,167
64,500004,1.9973143711661,0,168
64,123,1,1,998
123,500004,1.9973143711661,1,999
64,124,1,1,2382
124,500004,1.9973143711661,1,2383
73,146,2,1,2
73,123,0.2375,2,0.5,0.11663507799972,0.38,0.19,4
77,500003,1.6467177343059,1,167
64,500004,1.9973143711661,1,168
77,123,1,1,928
123,500003,1.6467177343059,1,929
73,124,0.225625,2.1052631578947,0.52631578947368,0.11663507799972,0.361,0.1805,6
77,500003,1.6467177343059,1,167
64,500004,1.9973143711661,1,168
77,123,1,0,928
123,500003,1.6467177343059,1,929
77,124,1,1,2386
124,123,1,1,2387
73,124,0.25,1.9,0.52631578947368,0.11663507799972,0.4,0.19,6
77,500003,1.6467177343059,1,167
64,500004,1.9973143711661,1,168
77,123,1,0,928
123,500003,1.6467177343059,1,929
77,124,1,1,2392
124,123,1,1,2393
73,73,2,1,1
73,123,0.2375,1.9,0.58317538999854,0.1,0.38,0.2,4
77,500003,1.6467177343059,1,167
64,500004,1.9973143711661,1,168
77,123,1,1,896
123,500003,1.6467177343059,1,897
73,124,0.25,1.71475,0.55401662049861,0.10526315789474,0.361,0.1805,6
77,500003,1.6467177343059,1,167
64,500004,1.9973143711661,1,168
77,123,1,0,896
123,500003,1.6369742985964,1,897
77,124,1,1,2400
124,123,1,0,2401
98,196,0,0,2
73,123,0.25,1.805,0.52631578947368,0.095,0.38,0.1805,4
77,500003,1.6467177343059,1,167
64,500004,1.9973143711661,1,168
77,123,1.3475142674032,1,1026
123,500003,1.6467177343059,0,1027
98,124,0.25,1.9,0.55401662049861,0.1,0.42105263157895,0.21052631578947,6
77,500003,1.6467177343059,1,167
64,500004,1.9973143711661,0,168
77,123,1,1,1026
123,500003,1.6467177343059,1,1027
64,124,1,1,2404
124,500004,1.9973143711661,1,2405
98,123,0.25,1.805,0.52631578947368,0.09025,0.38,0.19,4
77,500003,1.6467177343059,1,167
64,500004,1.9973143711661,1,168
77,123,1.3475142674032,1,1026
123,500003,1.6467177343059,1,1027
98,102,0,0,3
73,124,0.25,2,0.52631578947368,0.11663507799972,0.38,0.19,6
77,500003,1.6467177343059,0,167
64,500004,1.9973143711661,0,168
77,123,1.091122689734,1,870
123,500003,1.6467177343059,1,871
64,124,1,1,1959
124,500004,1.9973143711661,1,1960
2,124,0.2375,1.9,0.5,0.11080332409973,0.38,0.19,8
77,500003,1.6467177343059,0,167
64,500004,1.9973143711661,1,168
77,123,1.091122689734,1,870
123,500003,1.6467177343059,1,871
77,124,1,1,1955
124,123,1.091122689734,1,1956
64,124,1,1,1959
124,500004,1.9973143711661,1,1960
2,124,0.25,1.71475,0.61386883157741,0.10526315789474,0.34295,0.21052631578947,8
77,500003,1.5997417170356,1,167
64,500004,1.9973143711661,1,168
77,123,1.091122689734,0,870
123,500003,1.6467177343059,1,871
77,124,1,1,1955
124,123,1.091122689734,1,1956
64,124,1,0,1959
124,500004,1.9973143711661,1,1960
98,124,0.27700831024931,1.9,0.61386883157741,0.11663507799972,0.34295,0.21052631578947,8
77,500003,1.6467177343059,1,167
64,500004,1.901054035635,1,168
77,123,1.091122689734,0,870
123,500003,1.6467177343059,1,871
77,124,1,0,1955
124,123,1.091122689734,1,1956
64,124,1,1,1959
124,500004,1.9973143711661,1,1960
98,196,0,0,3
73,124,0.2375,2,0.52631578947368,0.10526315789474,0.4,0.2,6
77,500003,1.6467177343059,0,167
64,500004,1.9973143711661,1,168
77,123,1,1,1018
123,500003,1.6467177343059,1,1019
77,124,1,1,1907
124,500003,1.6467177343059,0,1908
98,125,0.2375,1.71475,0.52631578947368,0.1,0.42105263157895,0.19,8
77,500003,1.6467177343059,0,167
64,500004,1.9973143711661,0,168
77,123,1,1,1018
123,500003,1.6467177343059,1,1019
77,124,1,1,1907
124,500003,1.6467177343059,0,1908
64,125,1,1,2418
125,500004,1.9973143711661,1,2419
0,124,0.2375,1.805,0.52631578947368,0.09025,0.42105263157895,0.2,6
77,500003,1.6467177343059,0,167
64,500004,1.9973143711661,0,168
77,123,-1.0827356791894,0,1018
123,500003,1.6467177343059,1,1019
64,124,1,1,2421
124,500004,1.9973143711661,1,2422
98,125,0.25,2,0.52631578947368,0.11080332409973,0.38,0.2,8
77,500003,1.6467177343059,1,167
64,500004,1.9973143711661,1,168
77,123,1,1,1018
123,500003,1.6467177343059,1,1019
77,124,1,0,1907
124,500003,1.6467177343059,0,1908
77,125,1,1,2425
125,124,1,1,2426
98,196,0,0,3
73,123,0.2375,1.805,0.55401662049861,0.11663507799972,0.42105263157895,0.1805,4
77,500003,1.6467177343059,1,167
64,500004,1.9973143711661,0,168
64,123,1,1,906
123,500004,1.9973143711661,1,907
0,124,0.2375,1.71475,0.55401662049861,0.12277376631549,0.44321329639889,0.171475,6
77,500003,1.6467177343059,0,167
64,500004,1.9973143711661,0,168
64,123,1,1,906
123,500004,1.9973143711661,1,907
123,124,1,1,1840
124,500004,1.9973143711661,1,1841
98,124,0.225625,1.71475,0.58317538999854,0.11663507799972,0.42105263157895,0.19,6
77,500003,1.6467177343059,1,167
64,500004,1.9973143711661,0,168
64,123,1,0,906
123,500004,1.9973143711661,1,907
123,124,1,1,1840
124,500004,1.9321571977055,1,1841
98,124,0.225625,1.805,0.55401662049861,0.11663507799972,0.42105263157895,0.1805,6
77,500003,1.6467177343059,1,167
64,500004,1.9973143711661,0,168
64,123,1,0,906
123,500004,1.9973143711661,1,907
123,124,1,1,1840
124,500004,2.1038475066211,1,1841
98,294,0,0,3
73,124,0.2375,2.1052631578947,0.55401662049861,0.10526315789474,0.34295,0.19,6
77,500003,1.6467177343059,1,167
64,500004,1.9973143711661,1,168
64,123,1,0,888
123,500004,1.9973143711661,0,889
64,124,1,1,1659
124,123,1,1,1660
98,125,0.2375,1.9,0.55401662049861,0.1,0.361,0.21052631578947,10
77,500003,1.6467177343059,1,167
64,500004,1.9973143711661,1,168
64,123,1,0,888
123,500004,2.0736381115146,1,889
64,124,1,0,1651
124,123,1,1,1652
64,124,1,1,1659
124,123,1,1,1660
64,125,1,1,2432
125,123,1,1,2433
98,125,0.25,2.1052631578947,0.52631578947368,0.1,0.361,0.19,10
77,500003,1.6467177343059,1,167
64,500004,1.9973143711661,1,168
64,123,1,0,888
123,500004,1.9973143711661,0,889
64,124,1,0,1651
124,123,1,1,1652
64,124,1,1,1659
124,123,1,1,1660
64,125,1,1,2436
125,124,1,1,2437
98,125,0.21434375,1.9,0.58317538999854,0.095,0.3258025,0.2,8
77,500003,1.6467177343059,1,167
64,500004,1.9973143711661,0,168
64,123,1,0,888
123,500004,1.9973143711661,1,889
64,124,1,1,1651
124,123,1,1,1652
64,125,1,1,2439
125,500004,1.9973143711661,1,2440
89,89,0,0,2
67,124,0.225625,2,0.5,0.1,0.38,0.19,6
77,500003,0.78939176610614,1,491
70,500002,1.5310975580374,1,492
77,123,1,1,1060
123,500003,0.78939176610614,0,1061
123,124,1,0,1738
124,500003,0.78939176610614,1,1739
89,124,0.225625,2.1052631578947,0.52631578947368,0.1,0.38,0.2,6
77,500003,0.78939176610614,1,491
70,500002,1.5310975580374,1,492
77,123,1,1,1060
123,500003,0.78939176610614,1,1061
123,124,1,0,1738
124,500003,0.78939176610614,0,1739
0,123,0.25,2.1052631578947,0.55401662049861,0.1,0.42105263157895,0.1805,4
77,500003,0.78939176610614,0,491
70,500002,1.5310975580374,1,492
77,123,1,1,1060
123,500003,0.78939176610614,0,1061
89,178,0,0,2
67,124,0.21434375,2.1052631578947,0.5,0.1,0.38,0.19,6
77,500003,0.78939176610614,1,491
70,500002,1.5310975580374,1,492
70,123,1,1,1220
123,500002,1.5310975580374,1,1221
70,124,1,1,1807
124,500002,1.5310975580374,0,1808
89,125,0.2036265625,2,0.5,0.10526315789474,0.4,0.1805,10
77,500003,0.78939176610614,1,491
70,500002,1.5310975580374,1,492
70,123,1,0,1220
123,500002,1.5310975580374,0,1221
77,124,1,1,1802
124,500003,0.78939176610614,1,1803
70,124,1,1,1807
124,500002,1.5310975580374,0,1808
123,125,1,1,2448
125,500002,1.5310975580374,1,2449
89,124,0.2036265625,2.1052631578947,0.52631578947368,0.10526315789474,0.4,0.2,8
77,500003,0.78939176610614,1,491
70,500002,1.5310975580374,1,492
70,123,1,1,1220
123,500002,1.5310975580374,1,1221
77,124,1,1,1802
124,500003,0.78939176610614,1,1803
70,124,1,1,1807
124,500002,1.5310975580374,0,1808
89,89,0,0,1
67,124,0.225625,1.805,0.55401662049861,0.1,0.361,0.2,6
77,500003,0.78939176610614,1,491
70,500002,1.5310975580374,1,492
70,123,1,1,1139
123,500002,1.5202116057073,0,1140
123,124,1,1,2019
124,500002,1.5202116057073,1,2020
89,124,0.225625,1.9,0.55401662049861,0.10526315789474,0.38,0.21052631578947,8
77,500003,0.78939176610614,1,491
70,500002,1.5310975580374,1,492
70,123,1,1,1139
123,500002,1.5202116057073,1,1140
70,124,1,0,2015
124,500002,1.5310975580374,0,2016
123,124,1,1,2019
124,500002,1.5202116057073,1,2020
98,98,0,0,1
64,123,0.25,2,0.45125,0.1,0.42105263157895,0.19,4
88,500003,0.1242602313303,1,345
45,500001,-1.6306253242592,1,346
45,123,1,0,1230
123,500001,-1.7244788964507,1,1231
98,124,0.26315789473684,2,0.4286875,0.095,0.44321329639889,0.2,6
88,500003,0.1242602313303,0,345
45,500001,-1.6306253242592,1,346
45,123,1,0,1230
123,500001,-1.7244788964507,1,1231
88,124,1,1,2460
124,500003,0.1242602313303,1,2461
98,196,0,0,2
64,123,0.225625,1.805,0.475,0.09025,0.42105263157895,0.2,4
88,500003,0.1242602313303,1,345
45,500001,-1.7244788964507,1,346
88,123,1.0433388393811,1,1335
123,500003,0.04258710745567,1,1336
98,124,0.21434375,1.71475,0.45125,0.09025,0.44321329639889,0.2,6
88,500003,0.1242602313303,1,345
45,500001,-1.7244788964507,1,346
88,123,1.0433388393811,1,1335
123,500003,0.04258710745567,0,1336
123,124,1,1,2464
124,500003,0.04258710745567,1,2465
98,123,0.21434375,1.9,0.475,0.0857375,0.44321329639889,0.21052631578947,4
88,500003,0.1242602313303,1,345
45,500001,-1.7244788964507,1,346
88,123,1.0433388393811,1,1335
123,500003,0.04258710745567,1,1336
98,196,0,0,2
64,123,0.225625,1.9,0.5,0.095,0.46654031199883,0.19,4
88,500003,0.16299127170629,0,345
45,500001,-1.812961363567,1,346
88,123,1,1,1290
123,500003,0.1242602313303,1,1291
98,124,0.225625,1.9,0.5,0.09025,0.49109506526193,0.2,6
88,500003,-1.8221381267739,0,345
45,500001,-1.812961363567,0,346
88,123,1,0,1290
123,500003,0.1242602313303,1,1291
88,124,1,1,2470
124,123,1,1,2471
98,123,0.26315789473684,2,0.475,0.1,0.4,0.2,4
88,500003,0.13966093935972,0,345
45,500001,-1.7244788964507,1,346
88,123,1,1,1290
123,500003,0.1242602313303,1,1291
98,196,0,0,2
64,123,0.2375,2,0.52631578947368,0.095,0.38,0.2,4
88,500003,0.16616901150548,0,345
45,500001,-1.7244788964507,1,346
88,123,1,1,1265
123,500003,0.1242602313303,1,1266
98,125,0.25,1.9,0.5,0.09025,0.4,0.2,8
88,500003,0.16616901150548,0,345
45,500001,-1.7244788964507,0,346
88,123,1,1,1265
123,500003,0.16735190893277,1,1266
45,124,1,0,2146
124,500001,-1.7244788964507,1,2147
45,125,1,1,2476
125,124,1,1,2477
98,123,0.225625,2,0.52631578947368,0.1,0.38,0.2,4
88,500003,0.16616901150548,0,345
45,500001,-1.7244788964507,1,346
88,123,1,1,1265
123,500003,0.1242602313303,1,1266
98,98,0,0,1
64,124,0.225625,2,0.5,0.095,0.4,0.1805,6
88,500003,0.1242602313303,1,345
45,500001,-1.7244788964507,0,346
45,123,1,0,1296
123,500001,-1.7244788964507,1,1297
45,124,1,1,2109
124,500001,-1.7244788964507,0,2110
98,124,0.21434375,1.9,0.475,0.09025,0.4,0.1805,6
88,500003,0.1242602313303,1,345
45,500001,-1.7244788964507,0,346
45,123,1,0,1296
123,500001,-1.7244788964507,0,1297
45,124,1,1,2109
124,500001,-1.7244788964507,0,2110
64,0,2,1,0
64,124,0.225625,1.805,0.45125,0.0857375,0.44321329639889,0.2,6
88,500003,0.1242602313303,1,345
45,500001,-1.7244788964507,1,346
45,123,1,1,1346
123,500001,-1.7244788964507,0,1347
123,124,1,1,2158
124,500001,-1.7244788964507,1,2159
98,98,0,0,1
64,124,0.2375,1.9,0.475,0.095,0.44321329639889,0.1805,6
88,500003,0.1242602313303,0,345
45,500001,-1.7244788964507,0,346
88,123,1,1,1279
123,500003,0.1242602313303,0,1280
123,124,1,1,2088
124,500003,0.1242602313303,1,2089
98,125,0.225625,2,0.475,0.09025,0.42105263157895,0.171475,10
88,500003,0.1242602313303,0,345
45,500001,-1.7244788964507,0,346
88,123,1,1,1279
123,500003,0.1242602313303,1,1280
123,124,1,1,2088
124,500003,0.1242602313303,1,2089
88,124,1,1,2092
124,500003,0.1242602313303,0,2093
124,125,1,1,2490
125,500003,0.1242602313303,1,2491
64,0,2,1,0
64,123,0.225625,2,0.52631578947368,0.10526315789474,0.4,0.2,4
88,500003,0.1242602313303,0,345
45,500001,-1.7244788964507,1,346
88,123,1,1,1360
123,500003,0.1242602313303,1,1361
98,196,0,0,2
64,123,0.2375,2.1052631578947,0.45125,0.09025,0.4,0.19,4
88,500003,0.20547063356425,1,345
45,500001,-1.7244788964507,1,346
88,123,1,1,1316
123,500003,0.1242602313303,1,1317
98,123,0.225625,2.1052631578947,0.475,0.095,0.42105263157895,0.19,4
88,500003,0.20547063356425,1,345
45,500001,-1.7244788964507,1,346
88,123,1,1,1316
123,500003,0.1242602313303,1,1317
98,123,0.26315789473684,2,0.475,0.09025,0.4,0.21052631578947,4
88,500003,0.057730224005858,0,345
45,500001,-1.7244788964507,0,346
88,123,1,1,1316
123,500003,0.1242602313303,1,1317
98,98,0,0,1
64,124,0.2375,2.1052631578947,0.5,0.095,0.4,0.1805,6
88,500003,0.090589159825432,1,345
45,500001,-1.7244788964507,1,346
88,123,1,0,1322
123,500003,0.1242602313303,1,1323
88,124,1,1,2203
124,123,1,1,2204
98,124,0.225625,2.1052631578947,0.5,0.095,0.38,0.19,6
88,500003,0.090589159825432,1,345
45,500001,-1.7244788964507,1,346
88,123,1,0,1322
123,500003,0.1242602313303,1,1323
88,124,1,1,2203
124,123,1,0,2204
64,0,2,1,0
64,123,0.25,2.2160664819944,0.5,0.09025,0.42105263157895,0.2,4
88,500003,0.1242602313303,0,345
45,500001,-1.7244788964507,1,346
88,123,1,1,1302
123,500003,0.1242602313303,1,1303
98,196,0,0,2
80,123,0.225625,1.71475,0.45125,0.095,0.38,0.19,4
77,500003,0.78939176610614,1,491
70,500002,1.5310975580374,0,492
77,123,1,0,1133
123,500003,0.78939176610614,1,1134
98,124,0.225625,1.71475,0.45125,0.095,0.4,0.1805,6
77,500003,0.78939176610614,1,491
70,500002,1.5310975580374,0,492
77,123,1,0,1133
123,500003,0.78939176610614,0,1134
123,124,1,1,2513
124,500003,0.78939176610614,1,2514
98,123,0.2375,1.6290125,0.45125,0.09025,0.361,0.1805,4
77,500003,0.78939176610614,1,491
70,500002,1.5310975580374,0,492
77,123,1,0,1133
123,500003,0.78939176610614,1,1134
98,196,0,0,2
80,123,0.225625,1.805,0.58317538999854,0.10526315789474,0.38,0.2,4
77,500003,1.6467177343059,1,167
64,500004,1.9973143711661,0,168
64,123,1,0,994
123,500004,1.9973143711661,1,995
98,124,0.225625,1.805,0.55401662049861,0.1,0.361,0.2,6
77,500003,1.6467177343059,0,167
64,500004,1.9973143711661,0,168
64,123,1,0,994
123,500004,1.9973143711661,1,995
77,124,1,1,2518
124,500003,1.6467177343059,1,2519
98,124,0.2375,1.9,0.58317538999854,0.11080332409973,0.38,0.19,6
77,500003,1.6467177343059,0,167
64,500004,1.9973143711661,0,168
64,123,1,0,994
123,500004,1.9973143711661,1,995
77,124,1,1,2522
124,500003,1.6467177343059,1,2523
98,98,0,0,1
80,123,0.2375,2,0.5,0.11080332409973,0.42105263157895,0.171475,4
77,500003,1.6467177343059,0,167
64,500004,1.9973143711661,0,168
77,123,1,1,952
123,500003,1.6467177343059,1,953
98,124,0.2375,2.1052631578947,0.52631578947368,0.11663507799972,0.42105263157895,0.171475,6
77,500003,1.6467177343059,0,167
64,500004,1.9973143711661,0,168
77,123,1.1035644884915,1,952
123,500003,1.6467177343059,1,953
64,124,1,0,2526
124,500004,1.9973143711661,0,2527
98,98,0,0,1
80,124,0.225625,2,0.52631578947368,0.11080332409973,0.38,0.19,6
77,500003,1.6467177343059,0,167
64,500004,1.9973143711661,0,168
64,123,1,0,970
123,500004,1.9973143711661,1,971
77,124,1,1,1828
124,500003,1.6467177343059,1,1829
98,125,0.21434375,2,0.5,0.10526315789474,0.4,0.2,8
77,500003,1.6467177343059,0,167
64,500004,1.9973143711661,0,168
64,123,0.8949038907887,0,970
123,500004,1.9973143711661,1,971
77,124,1,1,1828
124,500003,1.6467177343059,1,1829
77,125,1,1,2532
125,500003,1.6467177343059,1,2533
98,98,0,0,1
80,124,0.2375,1.9,0.5,0.10526315789474,0.38,0.2,6
77,500003,0.89370927290116,1,491
70,500002,1.5310975580374,0,492
77,123,1,0,1177
123,500003,0.78939176610614,1,1178
77,124,1,1,1666
124,123,1,1,1667
98,125,0.25,2,0.475,0.1,0.4,0.19,8
77,500003,0.89370927290116,1,491
70,500002,1.5310975580374,0,492
77,123,1,1,1177
123,500003,0.78939176610614,0,1178
77,124,1,0,1666
124,123,1,1,1667
123,125,1,1,2540
125,500003,0.78939176610614,1,2541
98,98,0,0,1
73,123,0.2375,1.9,0.52631578947368,0.10526315789474,0.38,0.19,4
77,500003,1.6467177343059,1,167
64,500004,1.9973143711661,0,168
64,123,1,1,1822
123,500004,1.9973143711661,1,1823
98,123,0.25,1.9,0.52631578947368,0.1,0.4,0.19,4
77,500003,1.6467177343059,1,167
64,500004,1.9973143711661,1,168
64,123,1,1,1822
123,500004,1.9973143711661,1,1823
98,98,0,0,2
73,123,0.2375,1.9,0.5,0.10526315789474,0.361,0.171475,4
77,500003,1.6467177343059,1,167
64,500004,1.9973143711661,0,168
64,123,1,1,875
123,500004,1.9973143711661,1,876
0,124,0.25,2,0.5,0.1,0.361,0.171475,6
77,500003,1.6467177343059,0,167
64,500004,1.9973143711661,1,168
64,123,1,1,875
123,500004,1.9973143711661,0,876
123,124,1,1,2548
124,500004,1.9973143711661,1,2549
98,124,0.225625,2,0.475,0.1,0.34295,0.1805,6
77,500003,1.6467177343059,1,167
64,500004,1.9973143711661,0,168
64,123,0.96301461836604,1,875
123,500004,1.9973143711661,1,876
64,124,1,1,2552
124,500004,1.9973143711661,1,2553
98,98,0,0,1
73,123,0.26315789473684,2,0.475,0.1,0.38,0.2,4
77,500003,1.6467177343059,1,167
64,500004,1.9973143711661,0,168
64,123,1,1,1813
123,500004,1.9973143711661,1,1814
98,124,0.27700831024931,2.1052631578947,0.45125,0.1,0.361,0.2,6
77,500003,1.6467177343059,1,167
64,500004,1.9973143711661,0,168
64,123,0.96647541734062,1,1813
123,500004,1.9973143711661,0,1814
64,124,1,1,2556
124,500004,1.9973143711661,0,2557
98,98,0,0,1
73,123,0.26315789473684,2,0.475,0.11663507799972,0.38,0.19,4
77,500003,1.6467177343059,1,167
64,500004,1.9973143711661,1,168
64,123,1,1,892
123,500004,1.9973143711661,1,893
98,124,0.25,2,0.45125,0.12277376631549,0.4,0.19,6
77,500003,1.6467177343059,1,167
64,500004,1.9973143711661,1,168
64,123,1,0,892
123,500004,1.9973143711661,1,893
64,124,1,1,2562
124,123,1,1,2563
67,0,2,1,1
67,124,0.225625,1.9,0.5,0.10526315789474,0.34295,0.21052631578947,6
77,500003,0.78939176610614,0,491
70,500002,1.5310975580374,0,492
70,123,1.0013460268916,1,1127
123,500002,1.5310975580374,1,1128
77,124,1,1,2033
124,500003,0.78939176610614,1,2034
0,125,0.225625,1.9,0.52631578947368,0.11080332409973,0.34295,0.22160664819944,8
77,500003,0.78939176610614,0,491
70,500002,1.5310975580374,1,492
70,123,1.0013460268916,1,1127
123,500002,1.5310975580374,1,1128
77,124,1,0,2033
124,500003,0.78939176610614,0,2034
77,125,1,1,2568
125,124,1,1,2569
89,89,0,0,1
67,123,0.25,2,0.45125,0.11080332409973,0.38,0.19,4
77,500003,0.78939176610614,1,491
70,500002,1.4341856507717,0,492
70,123,1,1,1181
123,500002,1.5310975580374,1,1182
89,123,0.26315789473684,1.9,0.4286875,0.11080332409973,0.38,0.2,4
77,500003,0.78939176610614,1,491
70,500002,1.4341856507717,0,492
70,123,1.0418399465647,1,1181
123,500002,1.5310975580374,1,1182
89,89,0,0,1
67,124,0.26315789473684,1.805,0.5,0.1,0.38,0.19,6
77,500003,0.78939176610614,0,491
70,500002,1.5310975580374,1,492
70,123,1,1,1199
123,500002,1.5310975580374,1,1200
77,124,1,1,2027
124,500003,0.78939176610614,1,2028
89,125,0.27700831024931,1.805,0.52631578947368,0.095,0.4,0.1805,8
77,500003,0.78939176610614,0,491
70,500002,1.5310975580374,1,492
70,123,1,1,1199
123,500002,1.5310975580374,0,1200
77,124,1,1,2027
124,500003,0.78939176610614,1,2028
123,125,1,1,2574
125,500002,1.5310975580374,1,2575
43,43,0,0,1
33,123,0.25,2.2160664819944,0.5,0.09025,0.34295,0.21052631578947,4
43,500003,1.6458632160405,1,378
116,500005,1.4452955717643,1,379
116,123,1,1,2235
123,500005,1.4452955717643,1,2236
43,123,0.26315789473684,2.2160664819944,0.5,0.0857375,0.3258025,0.21052631578947,4
43,500003,1.6458632160405,1,378
116,500005,1.4452955717643,1,379
116,123,1,1,2235
123,500005,1.5048306325724,1,2236
43,43,0,0,1
33,124,0.27700831024931,2,0.4286875,0.095,0.38,0.21052631578947,6
43,500003,1.6458632160405,1,378
116,500005,1.4452955717643,1,379
43,123,1,0,1412
123,500003,1.6458632160405,1,1413
43,124,1,0,2229
124,123,1,1,2230
43,124,0.27700831024931,2.1052631578947,0.4286875,0.09025,0.4,0.22160664819944,6
43,500003,1.6458632160405,1,378
116,500005,1.4452955717643,1,379
43,123,1,0,1412
123,500003,1.6458632160405,1,1413
43,124,1,0,2229
124,123,1,1,2230
43,43,0,0,1
33,123,0.26315789473684,2.1052631578947,0.5,0.09025,0.4,0.1805,4
43,500003,1.6458632160405,1,378
116,500005,1.4274780343028,1,379
43,123,1,1,1420
123,500003,1.6458632160405,1,1421
43,124,0.25,2.2160664819944,0.52631578947368,0.095,0.4,0.1805,6
43,500003,1.5988285470137,1,378
116,500005,1.4274780343028,1,379
43,123,1,0,1420
123,500003,1.6458632160405,0,1421
43,124,1,1,2582
124,123,1,1,2583
98,98,0,0,1
64,124,0.25,2.2160664819944,0.5,0.095,0.44321329639889,0.2,6
88,500003,0.1242602313303,0,345
45,500001,-1.7244788964507,0,346
45,123,1.0529897457808,1,1275
123,500001,-1.7244788964507,1,1276
88,124,1,1,2137
124,500003,0.1242602313303,1,2138
98,124,0.2375,2.1052631578947,0.475,0.09025,0.42105263157895,0.21052631578947,6
88,500003,0.1242602313303,0,345
45,500001,-1.7244788964507,0,346
45,123,1.0529897457808,1,1275
123,500001,-1.7244788964507,1,1276
88,124,1,1,2137
124,500003,0.1242602313303,1,2138
64,0,2,1,1
64,123,0.225625,2.1052631578947,0.5,0.1,0.4,0.2,4
88,500003,0.1242602313303,1,345
45,500001,-1.7244788964507,0,346
45,123,1,0,1342
123,500001,-1.7244788964507,1,1343
0,124,0.21434375,2.1052631578947,0.475,0.1,0.38,0.2,6
88,500003,0.1242602313303,0,345
45,500001,-1.7244788964507,1,346
45,123,1,1,1342
123,500001,-1.7294625690481,0,1343
123,124,1,1,2589
124,500001,-1.7244788964507,1,2590
64,0,2,1,0
64,123,0.2375,1.9,0.475,0.1,0.42105263157895,0.2,4
88,500003,0.1242602313303,1,345
45,500001,-1.7244788964507,1,346
88,123,1.0183088167974,1,1364
123,500003,0.1242602313303,1,1365
64,0,2,1,0
64,123,0.2375,2,0.475,0.0857375,0.44321329639889,0.21052631578947,4
88,500003,0.1242602313303,0,345
45,500001,-1.7244788964507,1,346
88,123,1,1,1356
123,500003,0.1242602313303,1,1357
98,98,0,0,1
64,123,0.2375,1.805,0.475,0.10526315789474,0.44321329639889,0.19,4
88,500003,0.1242602313303,1,345
45,500001,-1.7244788964507,0,346
45,123,1,1,1246
123,500001,-1.7244788964507,1,1247
98,123,0.2375,1.9,0.475,0.10526315789474,0.44321329639889,0.2,4
88,500003,0.1242602313303,1,345
45,500001,-1.7244788964507,0,346
45,123,1,1,1246
123,500001,-1.7244788964507,1,1247
64,0,2,1,0
64,123,0.21434375,1.9,0.52631578947368,0.1,0.42105263157895,0.2,4
88,500003,0.1242602313303,1,345
45,500001,-1.7801049836726,0,346
45,123,1,1,1352
123,500001,-1.7244788964507,0,1353
98,98,0,0,1
64,123,0.26315789473684,2,0.52631578947368,0.095,0.4,0.2,4
88,500003,0.082983489486372,0,345
45,500001,-1.7244788964507,1,346
88,123,1,1,1287
123,500003,0.1242602313303,1,1288
98,124,0.25,2,0.52631578947368,0.1,0.4,0.21052631578947,6
88,500003,0.082983489486372,0,345
45,500001,-1.8080294198431,1,346
88,123,1,1,1287
123,500003,0.1242602313303,1,1288
88,124,1,1,2599
124,500003,0.082983489486372,0,2600
98,98,0,0,1
64,124,0.2375,1.9,0.52631578947368,0.0857375,0.38,0.1805,6
88,500003,0.1242602313303,1,345
45,500001,-1.7244788964507,1,346
45,123,1.0742821096683,1,1326
123,500001,-1.7244788964507,1,1327
45,124,1,1,2113
124,123,1,1,2114
98,125,0.25,1.9,0.5,0.081450625,0.38,0.1805,8
88,500003,0.1242602313303,1,345
45,500001,-1.7244788964507,1,346
45,123,1.0742821096683,1,1326
123,500001,-1.7436514990883,1,1327
45,124,1,1,2113
124,123,1,0,2114
124,125,1,1,2602
125,123,1,1,2603
98,98,0,0,1
64,123,0.225625,2,0.55401662049861,0.10526315789474,0.42105263157895,0.1805,4
88,500003,0.1242602313303,1,345
45,500001,-1.7244788964507,1,346
88,123,1,1,1283
123,500003,0.1242602313303,1,1284
98,124,0.2375,2,0.55401662049861,0.11080332409973,0.4,0.19,6
88,500003,0.1242602313303,1,345
45,500001,-1.7244788964507,1,346
88,123,1,1,1283
123,500003,0.1242602313303,1,1284
88,124,1,1,2606
124,500003,0.1242602313303,1,2607
89,89,0,0,1
0,123,0.25,1.9,0.5,0.095,0.38,0.22160664819944,4
77,500003,0.78939176610614,0,491
70,500002,1.5310975580374,0,492
70,123,1,1,1163
123,500002,1.5554078397232,0,1164
89,124,0.26315789473684,1.9,0.5,0.10526315789474,0.361,0.19,6
77,500003,0.78939176610614,1,491
70,500002,1.5310975580374,0,492
70,123,1,1,1163
123,500002,1.5310975580374,1,1164
70,124,1,1,2610
124,500002,1.5310975580374,0,2611
11,0,3,1,0
11,125,0.25,1.9,0.475,0.1,0.46654031199883,0.2,8
61,500003,-1.3856013672292,0,547
62,500005,0.89107943968017,1,548
61,123,-1.6776024658956,1,549
123,500003,-1.4240150151066,0,550
123,124,1,1,1564
124,500003,-1.3856013672292,1,1565
123,125,1,1,2221
125,500003,-1.4240150151066,0,2222
0,0,1,1,1
80,124,0.2375,2,0.5,0.1,0.34295,0.2,0
0,124,0.2375,2,0.5,0.1,0.34295,0.2,0
0,0,1,1,1
80,123,0.225625,2,0.45125,0.10526315789474,0.4,0.21052631578947,0
0,123,0.225625,2,0.45125,0.10526315789474,0.4,0.21052631578947,0
0,0,1,1,1
80,124,0.2375,1.805,0.55401662049861,0.11663507799972,0.38,0.2,0
0,124,0.2375,1.805,0.55401662049861,0.11663507799972,0.38,0.2,0
0,0,0,1,1
80,124,0.25,1.9,0.52631578947368,0.11080332409973,0.4,0.21052631578947,0
0,124,0.25,1.9,0.52631578947368,0.11080332409973,0.4,0.21052631578947,0
0,0,0,1,1
80,124,0.225625,1.9,0.52631578947368,0.10526315789474,0.38,0.19,0
80,124,0.225625,1.9,0.52631578947368,0.10526315789474,0.38,0.19,0
0,0,0,1,1
0,123,0.2375,1.71475,0.5,0.11663507799972,0.38,0.19,0
0,123,0.2375,1.71475,0.5,0.11663507799972,0.38,0.19,0
0,0,0,1,1
80,123,0.225625,1.9,0.475,0.11080332409973,0.4,0.19,0
80,123,0.225625,1.9,0.475,0.11080332409973,0.4,0.19,0
0,0,0,1,1
80,124,0.225625,2,0.58317538999854,0.11663507799972,0.34295,0.19,0
80,124,0.225625,2,0.58317538999854,0.11663507799972,0.34295,0.19,0
0,0,0,1,1
80,123,0.2375,1.805,0.5,0.10526315789474,0.42105263157895,0.19,0
80,123,0.2375,1.805,0.5,0.10526315789474,0.42105263157895,0.19,0
0,0,0,1,1
80,123,0.2375,2.1052631578947,0.52631578947368,0.10526315789474,0.38,0.1805,0
80,123,0.2375,2.1052631578947,0.52631578947368,0.10526315789474,0.38,0.1805,0
0,0,0,1,1
0,124,0.21434375,1.805,0.55401662049861,0.11080332409973,0.4,0.19,0
0,124,0.21434375,1.805,0.55401662049861,0.11080332409973,0.4,0.19,0
0,0,0,1,1
80,124,0.21434375,1.9,0.52631578947368,0.10526315789474,0.4,0.19,0
80,124,0.21434375,1.9,0.52631578947368,0.10526315789474,0.4,0.19,0
0,0,0,1,1
80,123,0.2375,1.71475,0.52631578947368,0.10526315789474,0.4,0.21052631578947,0
80,123,0.2375,1.71475,0.52631578947368,0.10526315789474,0.4,0.21052631578947,0
0,0,0,1,1
0,124,0.2375,1.71475,0.61386883157741,0.10526315789474,0.42105263157895,0.21052631578947,0
0,124,0.2375,1.71475,0.61386883157741,0.10526315789474,0.42105263157895,0.21052631578947,0
0,0,0,1,1
80,123,0.225625,1.9,0.45125,0.1,0.4,0.2,0
80,123,0.225625,1.9,0.45125,0.1,0.4,0.2,0
0,0,0,1,1
0,123,0.2375,1.9,0.45125,0.095,0.38,0.19,0
0,123,0.2375,1.9,0.45125,0.095,0.38,0.19,0
0,0,0,1,1
80,124,0.25,2,0.55401662049861,0.11663507799972,0.4,0.2,0
80,124,0.25,2,0.55401662049861,0.11663507799972,0.4,0.2,0
0,0,0,1,1
0,124,0.25,2,0.52631578947368,0.10526315789474,0.4,0.1805,0
0,124,0.25,2,0.52631578947368,0.10526315789474,0.4,0.1805,0
0,0,0,1,1
80,123,0.2375,1.9,0.5,0.10526315789474,0.361,0.21052631578947,0
80,123,0.2375,1.9,0.5,0.10526315789474,0.361,0.21052631578947,0
0,0,0,1,1
80,123,0.25,2.1052631578947,0.475,0.11080332409973,0.361,0.21052631578947,0
80,123,0.25,2.1052631578947,0.475,0.11080332409973,0.361,0.21052631578947,0
0,0,0,1,1
0,124,0.2375,1.9,0.55401662049861,0.10526315789474,0.38,0.21052631578947,0
0,124,0.2375,1.9,0.55401662049861,0.10526315789474,0.38,0.21052631578947,0
0,0,0,1,1
80,124,0.26315789473684,1.71475,0.52631578947368,0.095,0.38,0.2,0
80,124,0.26315789473684,1.71475,0.52631578947368,0.095,0.38,0.2,0
0,0,0,1,1
73,124,0.25,1.9,0.5,0.1,0.361,0.171475,0
73,124,0.25,1.9,0.5,0.1,0.361,0.171475,0
0,0,0,1,1
73,123,0.2375,2,0.58317538999854,0.11663507799972,0.38,0.19,0
73,123,0.2375,2,0.58317538999854,0.11663507799972,0.38,0.19,0
0,0,0,1,1
0,123,0.25,2.2160664819944,0.55401662049861,0.12277376631549,0.34295,0.1805,0
0,123,0.25,2.2160664819944,0.55401662049861,0.12277376631549,0.34295,0.1805,0
0,0,0,1,1
73,123,0.2375,2,0.5,0.11663507799972,0.38,0.19,0
73,123,0.2375,2,0.5,0.11663507799972,0.38,0.19,0
0,0,0,1,1
0,123,0.25,2,0.5,0.11080332409973,0.361,0.19,0
0,123,0.25,2,0.5,0.11080332409973,0.361,0.19,0
0,0,0,1,1
73,123,0.2375,1.9,0.58317538999854,0.1,0.38,0.2,0
73,123,0.2375,1.9,0.58317538999854,0.1,0.38,0.2,0
0,0,0,1,1
0,123,0.27700831024931,1.805,0.52631578947368,0.11080332409973,0.38,0.1805,0
0,123,0.27700831024931,1.805,0.52631578947368,0.11080332409973,0.38,0.1805,0
0,0,0,1,1
0,123,0.26315789473684,1.805,0.52631578947368,0.11663507799972,0.38,0.19,0
0,123,0.26315789473684,1.805,0.52631578947368,0.11663507799972,0.38,0.19,0
0,0,0,1,1
73,123,0.25,1.805,0.52631578947368,0.095,0.38,0.1805,0
73,123,0.25,1.805,0.52631578947368,0.095,0.38,0.1805,0
0,0,0,1,1
0,123,0.2375,1.71475,0.55401662049861,0.1,0.38,0.19,0
0,123,0.2375,1.71475,0.55401662049861,0.1,0.38,0.19,0
0,0,0,1,1
73,124,0.26315789473684,1.805,0.58317538999854,0.11080332409973,0.34295,0.2,0
73,124,0.26315789473684,1.805,0.58317538999854,0.11080332409973,0.34295,0.2,0
0,0,0,1,1
73,124,0.2375,2,0.52631578947368,0.10526315789474,0.4,0.2,0
73,124,0.2375,2,0.52631578947368,0.10526315789474,0.4,0.2,0
0,0,0,1,1
73,123,0.2375,1.805,0.55401662049861,0.11663507799972,0.42105263157895,0.1805,0
73,123,0.2375,1.805,0.55401662049861,0.11663507799972,0.42105263157895,0.1805,0
0,0,0,1,1
73,124,0.225625,1.9,0.55401662049861,0.1,0.34295,0.2,0
73,124,0.225625,1.9,0.55401662049861,0.1,0.34295,0.2,0
0,0,0,1,1
67,123,0.2375,2,0.52631578947368,0.1,0.4,0.19,0
67,123,0.2375,2,0.52631578947368,0.1,0.4,0.19,0
0,0,0,1,1
67,124,0.21434375,2.1052631578947,0.5,0.1,0.38,0.19,0
67,124,0.21434375,2.1052631578947,0.5,0.1,0.38,0.19,0
0,0,0,1,1
67,124,0.25,1.71475,0.52631578947368,0.10526315789474,0.38,0.21052631578947,0
67,124,0.25,1.71475,0.52631578947368,0.10526315789474,0.38,0.21052631578947,0
0,0,0,1,1
0,124,0.2375,1.805,0.5,0.1,0.361,0.2,0
0,124,0.2375,1.805,0.5,0.1,0.361,0.2,0
0,0,0,1,1
64,123,0.25,2,0.45125,0.1,0.42105263157895,0.19,0
64,123,0.25,2,0.45125,0.1,0.42105263157895,0.19,0
0,0,0,1,1
0,123,0.26315789473684,2,0.475,0.095,0.4,0.19,0
0,123,0.26315789473684,2,0.475,0.095,0.4,0.19,0
0,0,0,1,1
64,123,0.225625,2,0.5,0.095,0.42105263157895,0.19,0
64,123,0.225625,2,0.5,0.095,0.42105263157895,0.19,0
0,0,0,1,1
64,123,0.25,2,0.475,0.095,0.42105263157895,0.19,0
64,123,0.25,2,0.475,0.095,0.42105263157895,0.19,0
0,0,0,1,1
64,124,0.25,2,0.52631578947368,0.095,0.4,0.19,0
64,124,0.25,2,0.52631578947368,0.095,0.4,0.19,0
0,0,0,1,1
64,123,0.25,2,0.5,0.09025,0.42105263157895,0.1805,0
64,123,0.25,2,0.5,0.09025,0.42105263157895,0.1805,0
0,0,0,1,1
0,124,0.2375,2.1052631578947,0.5,0.1,0.4,0.171475,0
0,124,0.2375,2.1052631578947,0.5,0.1,0.4,0.171475,0
0,0,0,1,1
64,123,0.225625,1.805,0.5,0.09025,0.44321329639889,0.1805,0
64,123,0.225625,1.805,0.5,0.09025,0.44321329639889,0.1805,0
0,0,0,1,1
0,123,0.2375,1.805,0.475,0.0857375,0.44321329639889,0.19,0
0,123,0.2375,1.805,0.475,0.0857375,0.44321329639889,0.19,0
0,0,0,1,1
0,124,0.2375,1.71475,0.4286875,0.0857375,0.44321329639889,0.21052631578947,0
0,124,0.2375,1.71475,0.4286875,0.0857375,0.44321329639889,0.21052631578947,0
0,0,0,1,1
64,124,0.2375,1.9,0.475,0.095,0.44321329639889,0.1805,0
64,124,0.2375,1.9,0.475,0.095,0.44321329639889,0.1805,0
0,0,0,1,1
0,124,0.27700831024931,1.805,0.475,0.1,0.44321329639889,0.19,0
0,124,0.27700831024931,1.805,0.475,0.1,0.44321329639889,0.19,0
0,0,0,1,1
64,124,0.225625,2.1052631578947,0.52631578947368,0.10526315789474,0.4,0.1805,0
64,124,0.225625,2.1052631578947,0.52631578947368,0.10526315789474,0.4,0.1805,0
0,0,0,1,1
0,123,0.225625,2.1052631578947,0.52631578947368,0.10526315789474,0.38,0.21052631578947,0
0,123,0.225625,2.1052631578947,0.52631578947368,0.10526315789474,0.38,0.21052631578947,0
0,0,0,1,1
0,123,0.2375,1.9,0.55401662049861,0.1,0.38,0.2,0
0,123,0.2375,1.9,0.55401662049861,0.1,0.38,0.2,0
0,0,0,1,1
64,123,0.2375,2.1052631578947,0.45125,0.09025,0.4,0.19,0
64,123,0.2375,2.1052631578947,0.45125,0.09025,0.4,0.19,0
0,0,0,1,1
64,124,0.2375,2.1052631578947,0.5,0.095,0.4,0.1805,0
64,124,0.2375,2.1052631578947,0.5,0.095,0.4,0.1805,0
0,0,0,1,1
0,123,0.225625,1.9,0.475,0.10526315789474,0.46654031199883,0.19,0
0,123,0.225625,1.9,0.475,0.10526315789474,0.46654031199883,0.19,0
0,0,0,1,1
64,123,0.2375,2.1052631578947,0.45125,0.095,0.4,0.19,0
64,123,0.2375,2.1052631578947,0.45125,0.095,0.4,0.19,0
0,0,0,1,1
0,123,0.26315789473684,2.2160664819944,0.5,0.09025,0.4,0.2,0
0,123,0.26315789473684,2.2160664819944,0.5,0.09025,0.4,0.2,0
0,0,0,1,1
0,123,0.225625,2.2160664819944,0.475,0.1,0.4,0.1805,0
0,123,0.225625,2.2160664819944,0.475,0.1,0.4,0.1805,0
0,0,0,1,1
80,123,0.225625,1.71475,0.45125,0.095,0.38,0.19,0
80,123,0.225625,1.71475,0.45125,0.095,0.38,0.19,0
0,0,0,1,1
80,123,0.225625,1.805,0.58317538999854,0.10526315789474,0.38,0.2,0
80,123,0.225625,1.805,0.58317538999854,0.10526315789474,0.38,0.2,0
0,0,0,1,1
80,123,0.2375,2,0.5,0.11080332409973,0.42105263157895,0.171475,0
80,123,0.2375,2,0.5,0.11080332409973,0.42105263157895,0.171475,0
0,0,0,1,1
0,123,0.25,1.9,0.475,0.11663507799972,0.42105263157895,0.171475,0
0,123,0.25,1.9,0.475,0.11663507799972,0.42105263157895,0.171475,0
0,0,0,1,1
80,124,0.225625,2,0.52631578947368,0.11080332409973,0.38,0.19,0
80,124,0.225625,2,0.52631578947368,0.11080332409973,0.38,0.19,0
0,0,0,1,1
0,124,0.2375,2,0.52631578947368,0.11080332409973,0.4,0.2,0
0,124,0.2375,2,0.52631578947368,0.11080332409973,0.4,0.2,0
0,0,0,1,1
80,124,0.2375,1.9,0.5,0.10526315789474,0.38,0.2,0
80,124,0.2375,1.9,0.5,0.10526315789474,0.38,0.2,0
0,0,0,1,1
0,124,0.225625,1.805,0.5,0.11080332409973,0.361,0.19,0
0,124,0.225625,1.805,0.5,0.11080332409973,0.361,0.19,0
0,0,0,1,1
73,123,0.2375,1.9,0.52631578947368,0.10526315789474,0.38,0.19,0
73,123,0.2375,1.9,0.52631578947368,0.10526315789474,0.38,0.19,0
0,0,0,1,1
0,123,0.25,1.9,0.5,0.11080332409973,0.38,0.1805,0
0,123,0.25,1.9,0.5,0.11080332409973,0.38,0.1805,0
0,0,0,1,1
73,123,0.2375,1.9,0.5,0.10526315789474,0.361,0.171475,0
73,123,0.2375,1.9,0.5,0.10526315789474,0.361,0.171475,0
0,0,0,1,1
73,123,0.26315789473684,2,0.475,0.1,0.38,0.2,0
73,123,0.26315789473684,2,0.475,0.1,0.38,0.2,0
0,0,0,1,1
0,123,0.26315789473684,2,0.5,0.1,0.4,0.2,0
0,123,0.26315789473684,2,0.5,0.1,0.4,0.2,0
0,0,0,1,1
73,123,0.26315789473684,2,0.475,0.11663507799972,0.38,0.19,0
73,123,0.26315789473684,2,0.475,0.11663507799972,0.38,0.19,0
0,0,0,1,1
0,123,0.27700831024931,2,0.5,0.12277376631549,0.361,0.1805,0
0,123,0.27700831024931,2,0.5,0.12277376631549,0.361,0.1805,0
0,0,0,1,1
67,124,0.225625,1.9,0.5,0.10526315789474,0.34295,0.21052631578947,0
67,124,0.225625,1.9,0.5,0.10526315789474,0.34295,0.21052631578947,0
0,0,0,1,1
67,123,0.25,2,0.45125,0.11080332409973,0.38,0.19,0
67,123,0.25,2,0.45125,0.11080332409973,0.38,0.19,0
0,0,0,1,1
67,124,0.26315789473684,1.805,0.5,0.1,0.38,0.19,0
67,124,0.26315789473684,1.805,0.5,0.1,0.38,0.19,0
0,0,0,1,1
33,123,0.25,2.2160664819944,0.5,0.09025,0.34295,0.21052631578947,0
33,123,0.25,2.2160664819944,0.5,0.09025,0.34295,0.21052631578947,0
0,0,0,1,1
33,124,0.27700831024931,2,0.4286875,0.095,0.38,0.21052631578947,0
33,124,0.27700831024931,2,0.4286875,0.095,0.38,0.21052631578947,0
0,0,0,1,1
33,123,0.26315789473684,2.1052631578947,0.5,0.09025,0.4,0.1805,0
33,123,0.26315789473684,2.1052631578947,0.5,0.09025,0.4,0.1805,0
0,0,0,1,1
64,124,0.25,2.2160664819944,0.5,0.095,0.44321329639889,0.2,0
64,124,0.25,2.2160664819944,0.5,0.095,0.44321329639889,0.2,0
0,0,0,1,1
64,123,0.225625,2.1052631578947,0.5,0.1,0.4,0.2,0
64,123,0.225625,2.1052631578947,0.5,0.1,0.4,0.2,0
0,0,0,1,1
64,123,0.2375,1.9,0.475,0.1,0.42105263157895,0.2,0
64,123,0.2375,1.9,0.475,0.1,0.42105263157895,0.2,0
0,0,0,1,1
0,123,0.2375,1.805,0.475,0.095,0.4,0.2,0
0,123,0.2375,1.805,0.475,0.095,0.4,0.2,0
0,0,0,1,1
64,123,0.2375,2,0.475,0.0857375,0.44321329639889,0.21052631578947,0
64,123,0.2375,2,0.475,0.0857375,0.44321329639889,0.21052631578947,0
0,0,0,1,1
0,123,0.25,2.1052631578947,0.45125,0.09025,0.46654031199883,0.21052631578947,0
0,123,0.25,2.1052631578947,0.45125,0.09025,0.46654031199883,0.21052631578947,0
0,0,0,1,1
64,123,0.2375,1.805,0.475,0.10526315789474,0.44321329639889,0.19,0
64,123,0.2375,1.805,0.475,0.10526315789474,0.44321329639889,0.19,0
0,0,0,1,1
64,123,0.21434375,1.9,0.52631578947368,0.1,0.42105263157895,0.2,0
64,123,0.21434375,1.9,0.52631578947368,0.1,0.42105263157895,0.2,0
0,0,0,1,1
0,123,0.21434375,1.9,0.5,0.095,0.42105263157895,0.2,0
0,123,0.21434375,1.9,0.5,0.095,0.42105263157895,0.2,0
0,0,0,1,1
64,123,0.26315789473684,2,0.52631578947368,0.095,0.4,0.2,0
64,123,0.26315789473684,2,0.52631578947368,0.095,0.4,0.2,0
0,0,0,1,1
64,124,0.2375,1.9,0.52631578947368,0.0857375,0.38,0.1805,0
64,124,0.2375,1.9,0.52631578947368,0.0857375,0.38,0.1805,0
0,0,0,1,1
64,123,0.225625,2,0.55401662049861,0.10526315789474,0.42105263157895,0.1805,0
64,123,0.225625,2,0.55401662049861,0.10526315789474,0.42105263157895,0.1805,0
0,0,0,1,1
80,123,0.25,2,0.475,0.1,0.38,0.2,0
80,123,0.25,2,0.475,0.1,0.38,0.2,0
0,0,0,1,1
11,125,0.25,1.9,0.475,0.1,0.46654031199883,0.2,0
11,125,0.25,1.9,0.475,0.1,0.46654031199883,0.2,0
