3,2243,2,4,101,199
80,67,2,1,1
80,122,0.25,1.9,0.52631578947368,0.10526315789474,0.361,0.2,2
77,500003,0.78939176610614,1,491
70,500002,1.4841793653114,0,492
67,122,0.21434375,1.9,0.52631578947368,0.10526315789474,0.34295,0.2,2
77,500003,0.78939176610614,1,491
70,500002,1.4287192024068,1,492
80,240,0,1,4
80,123,0.225625,1.805,0.475,0.1,0.4,0.2,4
77,500003,0.78939176610614,1,491
70,500002,1.5310975580374,0,492
77,123,1,1,1133
123,500003,0.78939176610614,1,1134
80,123,0.2375,1.9,0.45125,0.1,0.4,0.21052631578947,4
77,500003,0.78939176610614,0,491
70,500002,1.5310975580374,0,492
77,123,1,1,1133
123,500003,0.78939176610614,1,1134
80,124,0.21434375,1.9,0.5,0.10526315789474,0.4,0.21052631578947,6
77,500003,0.78939176610614,1,491
70,500002,1.5310975580374,0,492
77,123,1,1,1133
123,500003,0.78939176610614,0,1134
123,124,1,1,1629
124,500003,0.78939176610614,1,1630
80,123,0.225625,1.71475,0.5,0.1,0.42105263157895,0.2,4
77,500003,0.78939176610614,1,491
70,500002,1.5310975580374,0,492
77,123,1,1,1133
123,500003,0.78939176610614,0,1134
0,123,0.225625,1.71475,0.5,0.095,0.42105263157895,0.19,4
77,500003,0.78939176610614,0,491
70,500002,1.5027573071753,1,492
77,123,1,1,1133
123,500003,0.78939176610614,1,1134
80,0,0,1,2
80,123,0.25,1.805,0.52631578947368,0.1,0.361,0.19,4
77,500003,0.78939176610614,0,491
70,500002,1.5310975580374,0,492
77,123,0.99132358775597,1,1195
123,500003,0.78939176610614,1,1196
0,123,0.26315789473684,1.805,0.55401662049861,0.095,0.34295,0.2,4
77,500003,0.78939176610614,0,491
70,500002,1.5775465768673,0,492
77,123,0.99132358775597,1,1195
123,500003,0.78939176610614,1,1196
0,124,0.26315789473684,1.805,0.5,0.1,0.38,0.19,6
77,500003,0.78939176610614,1,491
70,500002,1.5310975580374,1,492
77,123,0.99132358775597,1,1195
123,500003,0.78939176610614,0,1196
70,124,1,1,1642
124,500002,1.4480231233928,0,1643
80,0,0,1,2
80,123,0.225625,2,0.52631578947368,0.1,0.361,0.19,4
77,500003,1.6467177343059,1,167
64,500004,1.9973143711661,0,168
64,123,1,0,888
123,500004,1.9973143711661,1,889
0,123,0.225625,2.1052631578947,0.5,0.095,0.34295,0.19,4
77,500003,1.6467177343059,0,167
64,500004,1.9973143711661,0,168
64,123,1,0,888
123,500004,1.9973143711661,1,889
0,123,0.225625,2.1052631578947,0.55401662049861,0.10526315789474,0.34295,0.19,4
77,500003,1.6467177343059,1,167
64,500004,1.9973143711661,0,168
64,123,1,0,888
123,500004,2.0467511440425,1,889
80,0,0,1,3
80,123,0.25,1.805,0.475,0.11080332409973,0.38,0.2,4
77,500003,0.89370927290116,1,491
70,500002,1.5310975580374,0,492
77,123,1,1,1177
123,500003,0.78939176610614,1,1178
0,124,0.26315789473684,1.805,0.45125,0.11080332409973,0.361,0.19,6
77,500003,0.89370927290116,1,491
70,500002,1.5310975580374,1,492
77,123,1,0,1177
123,500003,0.78939176610614,1,1178
77,124,1,1,1654
124,123,1,1,1655
0,124,0.25,1.71475,0.475,0.11663507799972,0.361,0.21052631578947,6
77,500003,0.89370927290116,1,491
70,500002,1.5310975580374,0,492
77,123,1,1,1177
123,500003,0.78939176610614,1,1178
70,124,1,1,1658
124,500002,1.5310975580374,0,1659
0,124,0.2375,1.9,0.45125,0.10526315789474,0.4,0.21052631578947,6
77,500003,0.89370927290116,1,491
70,500002,1.5310975580374,1,492
77,123,1,1,1177
123,500003,0.78939176610614,1,1178
77,124,1,1,1664
124,500003,0.89370927290116,1,1665
80,0,0,1,1
80,123,0.225625,2,0.52631578947368,0.11080332409973,0.4,0.1805,4
77,500003,1.6467177343059,0,167
64,500004,1.9973143711661,0,168
77,123,1,1,952
123,500003,1.6467177343059,1,953
0,124,0.225625,2.1052631578947,0.5,0.11663507799972,0.42105263157895,0.171475,6
77,500003,1.6467177343059,0,167
64,500004,1.9973143711661,0,168
77,123,1,1,952
123,500003,1.6467177343059,0,953
64,124,1,1,1674
124,500004,1.9973143711661,0,1675
80,0,0,1,2
80,123,0.2375,1.805,0.52631578947368,0.11080332409973,0.4,0.2,4
77,500003,1.6467177343059,1,167
64,500004,1.9973143711661,0,168
64,123,1,0,982
123,500004,1.9973143711661,1,983
0,124,0.25,1.805,0.5,0.11663507799972,0.38,0.19,6
77,500003,1.6467177343059,1,167
64,500004,1.9973143711661,0,168
64,123,1,0,982
123,500004,1.9973143711661,1,983
64,124,1,1,1678
124,123,1,0,1679
0,123,0.225625,1.805,0.5,0.11663507799972,0.38,0.2,4
77,500003,1.6467177343059,1,167
64,500004,1.9973143711661,1,168
64,123,1.0965237406573,0,982
123,500004,1.9973143711661,1,983
80,0,0,1,3
80,123,0.25,2,0.52631578947368,0.10526315789474,0.38,0.21052631578947,4
77,500003,0.78939176610614,0,491
70,500002,1.5310975580374,0,492
77,123,1,1,1076
123,500003,0.78939176610614,1,1077
0,123,0.26315789473684,2.1052631578947,0.52631578947368,0.10526315789474,0.4,0.21052631578947,4
77,500003,0.78939176610614,1,491
70,500002,1.5310975580374,1,492
77,123,1,1,1076
123,500003,0.78939176610614,1,1077
0,123,0.25,1.9,0.52631578947368,0.10526315789474,0.38,0.22160664819944,4
77,500003,0.78939176610614,0,491
70,500002,1.5310975580374,0,492
77,123,1,0,1076
123,500003,0.78939176610614,1,1077
0,124,0.2375,2,0.5,0.1,0.4,0.2,6
77,500003,0.78939176610614,0,491
70,500002,1.5310975580374,1,492
77,123,1,0,1076
123,500003,0.78939176610614,1,1077
77,124,1,1,1693
124,123,1,1,1694
80,0,0,1,2
80,123,0.2375,1.9,0.52631578947368,0.11080332409973,0.361,0.19,4
77,500003,0.78939176610614,1,491
70,500002,1.5310975580374,0,492
70,123,1,1,1098
123,500002,1.5310975580374,0,1099
0,123,0.2375,2,0.5,0.11663507799972,0.34295,0.1805,4
77,500003,0.78939176610614,1,491
70,500002,1.5310975580374,1,492
70,123,1,1,1098
123,500002,1.5310975580374,1,1099
0,124,0.225625,2,0.52631578947368,0.11080332409973,0.361,0.2,6
77,500003,0.78939176610614,1,491
70,500002,1.5310975580374,0,492
70,123,1,1,1098
123,500002,1.5310975580374,1,1099
70,124,1,1,1699
124,500002,1.5310975580374,0,1700
80,0,0,1,4
80,123,0.25,2,0.52631578947368,0.11080332409973,0.4,0.2,4
77,500003,0.78939176610614,1,491
70,500002,1.5310975580374,0,492
70,123,1,0,1173
123,500002,1.5310975580374,0,1174
0,124,0.2375,2,0.5,0.11080332409973,0.4,0.21052631578947,6
77,500003,0.78939176610614,0,491
70,500002,1.5310975580374,0,492
70,123,1,0,1173
123,500002,1.5310975580374,0,1174
123,124,1,1,1705
124,500002,1.5310975580374,0,1706
0,124,0.26315789473684,1.9,0.52631578947368,0.11080332409973,0.38,0.2,6
77,500003,0.78939176610614,0,491
70,500002,1.5310975580374,0,492
70,123,1,0,1173
123,500002,1.5310975580374,0,1174
77,124,1,1,1709
124,500003,0.78939176610614,1,1710
0,123,0.26315789473684,2.1052631578947,0.55401662049861,0.11080332409973,0.38,0.2,4
77,500003,0.78939176610614,0,491
70,500002,1.5310975580374,0,492
70,123,0.90429192535189,0,1173
123,500002,1.5310975580374,1,1174
0,124,0.26315789473684,2.1052631578947,0.5,0.10526315789474,0.4,0.21052631578947,6
77,500003,0.78939176610614,0,491
70,500002,1.5005822610361,1,492
70,123,1,0,1173
123,500002,1.5310975580374,1,1174
77,124,1,1,1715
124,500003,0.78939176610614,1,1716
80,0,0,1,3
80,123,0.225625,2,0.5,0.10526315789474,0.4,0.19,4
77,500003,0.78939176610614,0,491
70,500002,1.5310975580374,0,492
77,123,1,1,1060
123,500003,0.78939176610614,1,1061
0,123,0.2375,2.1052631578947,0.5,0.11080332409973,0.38,0.19,4
77,500003,0.78939176610614,0,491
70,500002,1.5310975580374,0,492
77,123,1,1,1060
123,500003,0.78939176610614,1,1061
0,123,0.21434375,2,0.475,0.11080332409973,0.4,0.19,4
77,500003,0.78939176610614,0,491
70,500002,1.5310975580374,1,492
77,123,1,1,1060
123,500003,0.78939176610614,1,1061
0,123,0.2375,1.9,0.475,0.10526315789474,0.38,0.1805,4
77,500003,0.78939176610614,0,491
70,500002,1.5310975580374,0,492
77,123,1,1,1060
123,500003,0.78939176610614,1,1061
80,0,0,1,3
80,123,0.225625,1.805,0.475,0.11080332409973,0.38,0.19,4
77,500003,0.78939176610614,1,491
70,500002,1.5310975580374,0,492
70,123,1,1,1153
123,500002,1.5310975580374,0,1154
0,123,0.2375,1.9,0.5,0.11080332409973,0.361,0.19,4
77,500003,0.78939176610614,1,491
70,500002,1.5310975580374,0,492
70,123,1,1,1153
123,500002,1.5310975580374,0,1154
0,124,0.21434375,1.805,0.475,0.11663507799972,0.4,0.2,6
77,500003,0.78939176610614,1,491
70,500002,1.5310975580374,1,492
70,123,1,1,1153
123,500002,1.5310975580374,0,1154
70,124,1,1,1731
124,500002,1.5310975580374,1,1732
0,124,0.21434375,1.9,0.475,0.11080332409973,0.38,0.19,6
77,500003,0.78939176610614,1,491
70,500002,1.5310975580374,0,492
70,123,1,0,1153
123,500002,1.5310975580374,0,1154
70,124,1,1,1735
124,123,1,1,1736
80,0,0,1,4
80,123,0.225625,2,0.475,0.1,0.38,0.2,4
77,500003,0.78939176610614,1,491
70,500002,1.5310975580374,0,492
70,123,1,1,1068
123,500002,1.5310975580374,0,1069
0,123,0.2375,2,0.5,0.1,0.4,0.2,4
77,500003,0.78939176610614,1,491
70,500002,1.5310975580374,0,492
70,123,1,0,1068
123,500002,1.5310975580374,0,1069
0,124,0.21434375,2.1052631578947,0.45125,0.1,0.38,0.21052631578947,6
77,500003,0.78939176610614,0,491
70,500002,1.5310975580374,0,492
70,123,1,1,1068
123,500002,1.5310975580374,0,1069
77,124,1,0,1741
124,500003,0.78939176610614,1,1742
0,123,0.21434375,1.9,0.45125,0.10526315789474,0.38,0.19,4
77,500003,0.78939176610614,1,491
70,500002,1.491510232535,0,492
70,123,1,1,1068
123,500002,1.5310975580374,0,1069
0,123,0.21434375,2,0.475,0.10526315789474,0.361,0.19,4
77,500003,0.78939176610614,1,491
70,500002,1.5310975580374,0,492
70,123,1,1,1068
123,500002,1.5310975580374,1,1069
80,0,0,1,3
80,123,0.2375,1.9,0.475,0.1,0.38,0.21052631578947,4
77,500003,0.78939176610614,1,491
70,500002,1.5310975580374,0,492
70,123,1,1,1163
123,500002,1.5310975580374,0,1164
0,124,0.225625,1.805,0.45125,0.095,0.4,0.22160664819944,6
77,500003,0.78939176610614,1,491
70,500002,1.5310975580374,0,492
70,123,1,1,1163
123,500002,1.5310975580374,0,1164
123,124,1,1,1749
124,500002,1.5310975580374,1,1750
0,124,0.2375,2,0.5,0.10526315789474,0.4,0.22160664819944,6
77,500003,0.78939176610614,1,491
70,500002,1.5310975580374,0,492
70,123,1,1,1163
123,500002,1.5310975580374,0,1164
70,124,1,1,1755
124,500002,1.5310975580374,0,1756
0,124,0.25,1.9,0.45125,0.10526315789474,0.38,0.21052631578947,6
77,500003,0.78939176610614,1,491
70,500002,1.5310975580374,0,492
70,123,1,0,1163
123,500002,1.5310975580374,1,1164
70,124,1,1,1759
124,123,1,1,1760
80,0,0,1,3
80,123,0.2375,2,0.475,0.10526315789474,0.4,0.21052631578947,4
77,500003,0.78939176610614,0,491
70,500002,1.8345896786401,0,492
77,123,1,1,1169
123,500003,0.78939176610614,1,1170
0,123,0.225625,2,0.475,0.1,0.38,0.2,4
77,500003,0.78939176610614,1,491
70,500002,1.8345896786401,1,492
77,123,0.90937528611102,1,1169
123,500003,0.78939176610614,1,1170
0,123,0.25,2.1052631578947,0.475,0.10526315789474,0.38,0.22160664819944,4
77,500003,0.78939176610614,1,491
70,500002,1.8345896786401,0,492
77,123,1,1,1169
123,500003,0.78939176610614,1,1170
0,124,0.25,2,0.45125,0.10526315789474,0.38,0.2,6
77,500003,0.78939176610614,0,491
70,500002,1.8345896786401,1,492
77,123,1,1,1169
123,500003,0.78939176610614,0,1170
123,124,1,0,1770
124,500003,0.78939176610614,1,1771
80,0,0,1,4
80,123,0.25,1.9,0.52631578947368,0.11080332409973,0.4,0.2,4
77,500003,1.6467177343059,1,167
64,500004,1.9973143711661,0,168
64,123,1,1,1022
123,500004,1.9973143711661,0,1023
0,124,0.26315789473684,1.805,0.55401662049861,0.10526315789474,0.38,0.19,6
77,500003,1.6467177343059,1,167
64,500004,1.9973143711661,0,168
64,123,1,1,1022
123,500004,1.9973143711661,0,1023
123,124,1,1,1774
124,500004,1.9973143711661,0,1775
0,123,0.26315789473684,1.9,0.52631578947368,0.11663507799972,0.42105263157895,0.19,4
77,500003,1.6467177343059,1,167
64,500004,1.9973143711661,1,168
64,123,1,1,1022
123,500004,1.9973143711661,0,1023
0,124,0.2375,1.805,0.55401662049861,0.11663507799972,0.4,0.21052631578947,6
77,500003,1.6467177343059,1,167
64,500004,1.9973143711661,1,168
64,123,1,1,1022
123,500004,1.9973143711661,0,1023
123,124,1,0,1780
124,500004,1.9973143711661,0,1781
0,124,0.2375,1.9,0.5,0.10526315789474,0.38,0.21052631578947,6
77,500003,1.6467177343059,1,167
64,500004,1.9973143711661,0,168
64,123,1,0,1022
123,500004,1.9973143711661,0,1023
64,124,1,0,1784
124,123,1,1,1785
80,0,0,1,3
80,123,0.225625,2,0.52631578947368,0.1,0.4,0.2,4
77,500003,0.78939176610614,1,491
70,500002,1.5310975580374,0,492
70,123,1,1,1220
123,500002,1.5310975580374,0,1221
0,124,0.2375,1.9,0.55401662049861,0.10526315789474,0.38,0.19,6
77,500003,0.78939176610614,1,491
70,500002,1.620992237055,0,492
70,123,1,1,1220
123,500002,1.5310975580374,1,1221
70,124,1,1,1788
124,500002,1.5310975580374,0,1789
0,124,0.2375,2.1052631578947,0.5,0.10526315789474,0.42105263157895,0.2,6
77,500003,0.78939176610614,1,491
70,500002,1.5310975580374,1,492
70,123,1,0,1220
123,500002,1.5310975580374,0,1221
70,124,1,1,1792
124,123,1,1,1793
0,123,0.225625,2.1052631578947,0.55401662049861,0.095,0.38,0.21052631578947,4
77,500003,0.78939176610614,1,491
70,500002,1.5310975580374,0,492
70,123,1,1,1220
123,500002,1.5310975580374,1,1221
101,0,1,1,2
80,122,0.2375,2,0.55401662049861,0.1,0.38,0.2,2
77,500003,1.6467177343059,1,167
64,500004,0.50483718375195,0,168
0,122,0.2375,2.1052631578947,0.52631578947368,0.11080332409973,0.34295,0.19,2
77,500003,1.6467177343059,0,167
64,500004,1.9973143711661,1,168
0,122,0.25,1.9,0.58317538999854,0.10526315789474,0.38,0.19,2
77,500003,1.7191686758019,0,167
64,500004,0.50483718375195,1,168
73,0,0,1,4
73,123,0.2375,1.9,0.55401662049861,0.10526315789474,0.4,0.19,4
77,500003,1.6467177343059,1,167
64,500004,1.9973143711661,0,168
64,123,1,1,970
123,500004,1.9973143711661,1,971
0,123,0.225625,2,0.55401662049861,0.1,0.42105263157895,0.2,4
77,500003,1.6467177343059,1,167
64,500004,1.9973143711661,1,168
64,123,1,1,970
123,500004,2.0413983581042,1,971
0,124,0.25,1.805,0.55401662049861,0.10526315789474,0.4,0.1805,6
77,500003,1.6467177343059,1,167
64,500004,1.9973143711661,0,168
64,123,1,1,970
123,500004,1.9973143711661,0,971
123,124,1,1,1812
124,500004,1.9973143711661,1,1813
0,123,0.225625,1.9,0.55401662049861,0.1,0.42105263157895,0.2,4
77,500003,1.6467177343059,1,167
64,500004,1.9973143711661,0,168
64,123,1.0671254615925,1,970
123,500004,1.9973143711661,1,971
0,124,0.2375,1.9,0.55401662049861,0.11080332409973,0.38,0.2,6
77,500003,1.6467177343059,0,167
64,500004,1.9973143711661,1,168
64,123,1,1,970
123,500004,1.9973143711661,1,971
77,124,1,1,1818
124,500003,1.6467177343059,1,1819
73,0,0,1,3
73,123,0.225625,1.805,0.55401662049861,0.11080332409973,0.4,0.1805,4
77,500003,1.6467177343059,1,167
64,500004,1.9973143711661,1,168
64,123,1,1,906
123,500004,1.9973143711661,1,907
0,123,0.2375,1.71475,0.52631578947368,0.11080332409973,0.4,0.19,4
77,500003,1.6467177343059,1,167
64,500004,1.9973143711661,1,168
64,123,1,1,906
123,500004,1.9973143711661,1,907
0,124,0.21434375,1.9,0.52631578947368,0.11663507799972,0.4,0.1805,6
77,500003,1.6467177343059,1,167
64,500004,1.9973143711661,1,168
64,123,1,1,906
123,500004,1.9973143711661,0,907
123,124,1,1,1826
124,500004,1.9973143711661,1,1827
0,124,0.2375,1.71475,0.58317538999854,0.11663507799972,0.42105263157895,0.171475,6
77,500003,1.6467177343059,1,167
64,500004,1.9354960356572,0,168
64,123,1,1,906
123,500004,1.9973143711661,1,907
64,124,1,1,1830
124,500004,1.9973143711661,1,1831
73,0,0,1,2
73,123,0.225625,1.9,0.55401662049861,0.11080332409973,0.38,0.1805,4
77,500003,1.6467177343059,1,167
64,500004,1.9973143711661,0,168
64,123,1,1,1044
123,500004,1.9973143711661,1,1045
0,123,0.21434375,2,0.55401662049861,0.11080332409973,0.361,0.19,4
77,500003,1.6467177343059,1,167
64,500004,1.9973143711661,1,168
64,123,1,1,1044
123,500004,1.9973143711661,1,1045
0,123,0.225625,1.9,0.58317538999854,0.10526315789474,0.361,0.171475,4
77,500003,1.6467177343059,1,167
64,500004,1.9973143711661,1,168
64,123,1,1,1044
123,500004,1.9973143711661,1,1045
73,0,0,1,3
73,123,0.25,1.805,0.55401662049861,0.10526315789474,0.4,0.2,4
77,500003,1.6467177343059,1,167
64,500004,1.9973143711661,0,168
64,123,1,1,964
123,500004,1.9973143711661,1,965
0,124,0.2375,1.71475,0.55401662049861,0.11080332409973,0.38,0.2,6
77,500003,1.6467177343059,0,167
64,500004,1.9973143711661,0,168
64,123,1,1,964
123,500004,1.9973143711661,1,965
77,124,1,1,1842
124,500003,-0.57551805169836,1,1843
0,123,0.2375,1.71475,0.55401662049861,0.1,0.4,0.19,4
77,500003,1.6467177343059,1,167
64,500004,1.9973143711661,0,168
64,123,1,1,964
123,500004,1.9973143711661,0,965
0,124,0.2375,1.805,0.58317538999854,0.11080332409973,0.38,0.2,6
77,500003,1.6467177343059,1,167
64,500004,1.9973143711661,0,168
64,123,1,1,964
123,500004,1.9973143711661,1,965
64,124,1,1,1849
124,500004,1.9973143711661,1,1850
73,0,0,1,3
73,123,0.25,2,0.5,0.11080332409973,0.4,0.19,4
77,500003,1.6467177343059,1,167
64,500004,1.9973143711661,1,168
64,123,1,1,892
123,500004,1.9973143711661,1,893
0,123,0.2375,2.1052631578947,0.52631578947368,0.11080332409973,0.42105263157895,0.19,4
77,500003,1.6467177343059,1,167
64,500004,1.9973143711661,1,168
64,123,1,1,892
123,500004,1.9973143711661,1,893
0,124,0.2375,2.1052631578947,0.52631578947368,0.11663507799972,0.38,0.1805,6
77,500003,1.6467177343059,1,167
64,500004,1.9973143711661,0,168
64,123,1,1,892
123,500004,1.9607971658925,1,893
64,124,1,1,1855
124,500004,1.9973143711661,1,1856
0,124,0.2375,1.9,0.475,0.10526315789474,0.4,0.19,6
77,500003,1.6467177343059,0,167
64,500004,1.9973143711661,1,168
64,123,1,1,892
123,500004,1.9973143711661,1,893
77,124,1,1,1861
124,500003,1.6467177343059,1,1862
73,0,0,1,4
73,123,0.25,2,0.55401662049861,0.11080332409973,0.38,0.1805,4
77,500003,1.5603562702053,1,167
64,500004,1.9973143711661,0,168
64,123,1,1,998
123,500004,1.9973143711661,1,999
0,124,0.2375,2,0.55401662049861,0.10526315789474,0.361,0.1805,6
77,500003,1.5603562702053,1,167
64,500004,1.9973143711661,0,168
64,123,1,1,998
123,500004,1.9973143711661,1,999
64,124,1,1,1865
124,500004,1.9973143711661,1,1866
0,123,0.26315789473684,2,0.52631578947368,0.10526315789474,0.4,0.1805,4
77,500003,1.5603562702053,1,167
64,500004,1.9973143711661,1,168
64,123,1,1,998
123,500004,2.102172757251,1,999
0,123,0.26315789473684,1.9,0.52631578947368,0.10526315789474,0.38,0.171475,4
77,500003,1.5603562702053,1,167
64,500004,1.9973143711661,1,168
64,123,1,1,998
123,500004,1.9973143711661,1,999
0,123,0.26315789473684,1.9,0.58317538999854,0.10526315789474,0.4,0.1805,4
77,500003,1.5603562702053,1,167
64,500004,1.9973143711661,0,168
64,123,1,1,998
123,500004,1.9973143711661,1,999
73,0,0,1,3
73,123,0.225625,2,0.5,0.11080332409973,0.38,0.19,4
77,500003,1.6467177343059,1,167
64,500004,1.9973143711661,1,168
77,123,1,1,928
123,500003,1.6467177343059,1,929
0,123,0.2375,1.9,0.475,0.11663507799972,0.4,0.1805,4
77,500003,1.6467177343059,1,167
64,500004,1.9973143711661,1,168
77,123,1,1,928
123,500003,1.6467177343059,1,929
0,123,0.2375,2.1052631578947,0.475,0.11080332409973,0.361,0.1805,4
77,500003,1.6467177343059,1,167
64,500004,1.9973143711661,1,168
77,123,1,0,928
123,500003,1.6467177343059,1,929
0,124,0.21434375,1.9,0.5,0.11663507799972,0.4,0.19,6
77,500003,1.6467177343059,0,167
64,500004,1.9973143711661,1,168
77,123,1,1,928
123,500003,1.6467177343059,1,929
77,124,1,1,1878
124,500003,1.6467177343059,1,1879
73,0,0,1,2
73,123,0.225625,1.9,0.52631578947368,0.1,0.38,0.19,4
77,500003,1.6467177343059,0,167
64,500004,1.9973143711661,1,168
77,123,1,1,1018
123,500003,1.6467177343059,1,1019
0,123,0.2375,1.9,0.5,0.095,0.4,0.2,4
77,500003,1.6467177343059,1,167
64,500004,2.0496314889981,1,168
77,123,1,1,1018
123,500003,1.6467177343059,1,1019
0,124,0.21434375,2,0.52631578947368,0.10526315789474,0.4,0.1805,6
77,500003,1.6467177343059,0,167
64,500004,1.9973143711661,1,168
77,123,1,1,1018
123,500003,1.6467177343059,0,1019
77,124,1,1,1890
124,500003,1.6467177343059,1,1891
73,0,0,1,4
73,123,0.25,1.9,0.52631578947368,0.1,0.4,0.19,4
77,500003,1.6467177343059,1,167
64,500004,1.9973143711661,1,168
77,123,1,1,1026
123,500003,1.6467177343059,1,1027
0,123,0.26315789473684,2,0.55401662049861,0.095,0.38,0.1805,4
77,500003,1.6467177343059,1,167
64,500004,1.9973143711661,1,168
77,123,1,1,1026
123,500003,1.6467177343059,1,1027
0,124,0.25,1.9,0.5,0.10526315789474,0.42105263157895,0.2,6
77,500003,1.6467177343059,1,167
64,500004,1.9973143711661,1,168
77,123,1,1,1026
123,500003,1.6467177343059,1,1027
64,124,1,1,1896
124,500004,1.9973143711661,1,1897
0,124,0.25,1.9,0.52631578947368,0.10526315789474,0.4,0.1805,6
77,500003,1.6467177343059,1,167
64,500004,1.9973143711661,1,168
77,123,1,1,1026
123,500003,1.6467177343059,0,1027
123,124,1,1,1900
124,500003,1.6467177343059,1,1901
0,123,0.26315789473684,2,0.52631578947368,0.095,0.38,0.19,4
77,500003,1.6532497634816,1,167
64,500004,1.9973143711661,1,168
77,123,1,1,1026
123,500003,1.6467177343059,1,1027
73,0,0,1,3
73,123,0.225625,1.9,0.55401662049861,0.11080332409973,0.361,0.2,4
77,500003,1.6467177343059,1,167
64,500004,1.9973143711661,0,168
64,123,1,1,994
123,500004,1.9973143711661,1,995
0,124,0.2375,1.9,0.55401662049861,0.10526315789474,0.361,0.21052631578947,6
77,500003,1.6467177343059,0,167
64,500004,1.9973143711661,0,168
64,123,1,1,994
123,500004,1.9973143711661,0,995
77,124,1,1,1906
124,500003,1.6467177343059,1,1907
0,123,0.225625,1.805,0.58317538999854,0.10526315789474,0.34295,0.2,4
77,500003,1.6467177343059,1,167
64,500004,1.9973143711661,0,168
64,123,1,1,994
123,500004,1.9973143711661,1,995
0,123,0.225625,1.9,0.52631578947368,0.11663507799972,0.38,0.21052631578947,4
77,500003,1.6467177343059,1,167
64,500004,1.9973143711661,0,168
64,123,1,1,994
123,500004,1.9973143711661,1,995
73,0,0,1,4
73,123,0.25,1.805,0.55401662049861,0.10526315789474,0.4,0.2,4
77,500003,1.6467177343059,0,167
64,500004,1.9973143711661,1,168
77,123,1,1,896
123,500003,1.6467177343059,1,897
0,123,0.26315789473684,1.9,0.55401662049861,0.10526315789474,0.38,0.19,4
77,500003,1.6467177343059,0,167
64,500004,1.9973143711661,1,168
77,123,1,1,896
123,500003,1.6467177343059,1,897
0,124,0.26315789473684,1.71475,0.58317538999854,0.10526315789474,0.42105263157895,0.19,6
77,500003,1.6467177343059,1,167
64,500004,1.9973143711661,1,168
77,123,1,0,896
123,500003,1.6467177343059,1,897
77,124,1,1,1918
124,123,1,1,1919
0,124,0.26315789473684,1.71475,0.58317538999854,0.11080332409973,0.38,0.2,6
77,500003,1.6467177343059,0,167
64,500004,1.9973143711661,1,168
77,123,1,1,896
123,500003,1.6467177343059,1,897
77,124,1,0,1922
124,123,1,1,1923
0,123,0.25,1.805,0.58317538999854,0.10526315789474,0.38,0.19,4
77,500003,1.6467177343059,0,167
64,500004,2.0904536496122,1,168
77,123,1,1,896
123,500003,1.6467177343059,0,897
73,0,0,1,3
73,123,0.225625,2,0.55401662049861,0.1,0.4,0.19,4
77,500003,1.6467177343059,0,167
64,500004,1.9973143711661,1,168
77,123,1.7980895413068,1,866
123,500003,1.6467177343059,1,867
0,123,0.21434375,1.9,0.52631578947368,0.095,0.42105263157895,0.1805,4
77,500003,1.6467177343059,0,167
64,500004,1.9973143711661,1,168
77,123,1.7980895413068,1,866
123,500003,1.6467177343059,0,867
0,123,0.225625,2,0.55401662049861,0.095,0.4,0.2,4
77,500003,1.6467177343059,1,167
64,500004,1.9973143711661,1,168
77,123,1.7980895413068,0,866
123,500003,1.7108986175116,1,867
0,123,0.21434375,1.9,0.52631578947368,0.10526315789474,0.42105263157895,0.2,4
77,500003,1.6467177343059,0,167
64,500004,1.9973143711661,1,168
77,123,1.7980895413068,1,866
123,500003,1.6467177343059,1,867
73,0,0,1,4
73,123,0.25,1.9,0.55401662049861,0.11080332409973,0.361,0.2,4
77,500003,1.6467177343059,0,167
64,500004,1.9973143711661,1,168
77,123,1.091122689734,1,870
123,500003,1.6467177343059,1,871
0,124,0.25,1.805,0.58317538999854,0.11663507799972,0.361,0.2,6
77,500003,1.6467177343059,0,167
64,500004,1.9973143711661,1,168
77,123,1.091122689734,1,870
123,500003,1.6467177343059,0,871
123,124,1,1,1936
124,500003,1.6467177343059,1,1937
0,123,0.2375,1.805,0.55401662049861,0.11663507799972,0.38,0.2,4
77,500003,1.6467177343059,1,167
64,500004,1.9973143711661,1,168
77,123,1.091122689734,0,870
123,500003,1.6467177343059,1,871
0,123,0.26315789473684,2,0.52631578947368,0.11663507799972,0.361,0.21052631578947,4
77,500003,1.6467177343059,0,167
64,500004,1.9973143711661,1,168
77,123,1.091122689734,1,870
123,500003,1.6467177343059,1,871
0,124,0.25,1.9,0.52631578947368,0.11080332409973,0.38,0.21052631578947,6
77,500003,1.6467177343059,0,167
64,500004,1.9973143711661,1,168
77,123,1.091122689734,1,870
123,500003,1.6467177343059,1,871
123,124,1,0,1942
124,500003,1.7319971016716,1,1943
73,0,0,1,3
73,123,0.25,2,0.5,0.11080332409973,0.4,0.2,4
77,500003,1.6467177343059,1,167
64,500004,1.9973143711661,1,168
64,123,1,1,991
123,500004,1.9973143711661,1,992
0,123,0.26315789473684,2,0.5,0.11663507799972,0.42105263157895,0.2,4
77,500003,1.6467177343059,0,167
64,500004,1.9973143711661,1,168
64,123,1.0380905169736,1,991
123,500004,1.9973143711661,1,992
0,124,0.25,2.1052631578947,0.52631578947368,0.10526315789474,0.38,0.19,6
77,500003,1.6467177343059,1,167
64,500004,1.9973143711661,1,168
64,123,1,1,991
123,500004,1.9973143711661,1,992
77,124,1,1,1948
124,500003,1.6467177343059,1,1949
0,123,0.2375,2,0.52631578947368,0.10526315789474,0.4,0.21052631578947,4
77,500003,1.6467177343059,1,167
64,500004,1.9973143711661,1,168
64,123,1,1,991
123,500004,1.9973143711661,1,992
73,0,0,1,4
73,123,0.2375,2,0.55401662049861,0.11080332409973,0.361,0.1805,4
77,500003,1.6467177343059,0,167
64,500004,1.9973143711661,1,168
77,123,1,1,942
123,500003,1.6467177343059,1,943
0,124,0.225625,2.1052631578947,0.55401662049861,0.11080332409973,0.38,0.19,6
77,500003,1.6467177343059,0,167
64,500004,1.9973143711661,1,168
77,123,1,1,942
123,500003,1.6467177343059,0,943
123,124,1,0,1956
124,500003,1.6467177343059,1,1957
0,124,0.25,1.9,0.55401662049861,0.10526315789474,0.361,0.19,6
77,500003,1.6467177343059,0,167
64,500004,1.9973143711661,0,168
77,123,1,0,942
123,500003,1.6467177343059,1,943
64,124,1,1,1960
124,500004,-0.81026642658773,1,1961
0,123,0.25,1.9,0.55401662049861,0.11080332409973,0.361,0.1805,4
77,500003,1.6467177343059,0,167
64,500004,1.9973143711661,1,168
77,123,1,1,942
123,500003,1.6467177343059,1,943
0,124,0.2375,2.1052631578947,0.58317538999854,0.10526315789474,0.38,0.171475,6
77,500003,1.6467177343059,0,167
64,500004,1.9973143711661,1,168
77,123,1,1,942
123,500003,1.6467177343059,0,943
123,124,1,1,1966
124,500003,1.6467177343059,1,1967
73,0,0,1,4
73,123,0.2375,1.9,0.52631578947368,0.10526315789474,0.38,0.1805,4
77,500003,1.6467177343059,0,167
64,500004,1.9973143711661,1,168
77,123,1,1,987
123,500003,1.6467177343059,1,988
0,123,0.2375,1.9,0.5,0.11080332409973,0.4,0.1805,4
77,500003,1.6467177343059,1,167
64,500004,1.9973143711661,1,168
77,123,1,1,987
123,500003,1.6467177343059,1,988
0,124,0.225625,2,0.5,0.10526315789474,0.361,0.19,6
77,500003,1.6467177343059,1,167
64,500004,1.9973143711661,0,168
77,123,1,0,987
123,500003,1.6467177343059,1,988
77,124,1,1,1972
124,123,1,1,1973
0,124,0.225625,2,0.55401662049861,0.10526315789474,0.38,0.1805,6
77,500003,1.6467177343059,1,167
64,500004,1.9973143711661,1,168
77,123,1,1,987
123,500003,1.6467177343059,1,988
77,124,1,1,1976
124,500003,1.6467177343059,0,1977
0,123,0.225625,1.9,0.55401662049861,0.10526315789474,0.361,0.19,4
77,500003,1.6467177343059,1,167
64,500004,1.9973143711661,1,168
77,123,1,1,987
123,500003,1.6467177343059,1,988
73,0,0,1,3
73,123,0.225625,1.9,0.52631578947368,0.10526315789474,0.38,0.1805,4
77,500003,1.6467177343059,1,167
64,500004,1.9973143711661,0,168
64,123,1,1,875
123,500004,1.9973143711661,1,876
0,123,0.2375,1.805,0.5,0.11080332409973,0.361,0.1805,4
77,500003,1.6467177343059,1,167
64,500004,1.9973143711661,0,168
64,123,1.0408457701895,1,875
123,500004,1.9973143711661,0,876
0,124,0.21434375,1.9,0.52631578947368,0.10526315789474,0.4,0.1805,6
77,500003,1.6467177343059,1,167
64,500004,1.9973143711661,0,168
64,123,1,0,875
123,500004,1.9973143711661,1,876
64,124,1,1,1985
124,123,1,1,1986
0,123,0.2375,1.9,0.55401662049861,0.10526315789474,0.38,0.171475,4
77,500003,1.6467177343059,1,167
64,500004,1.9973143711661,0,168
64,123,1,1,875
123,500004,1.9973143711661,1,876
67,0,0,1,3
67,123,0.25,2,0.5,0.10526315789474,0.38,0.21052631578947,4
77,500003,0.78939176610614,1,491
70,500002,1.5310975580374,0,492
70,123,1,1,1123
123,500002,1.5104574082076,1,1124
0,123,0.2375,2,0.475,0.10526315789474,0.38,0.2,4
77,500003,0.78939176610614,1,491
70,500002,1.5310975580374,0,492
70,123,1,1,1123
123,500002,1.5104574082076,1,1124
0,124,0.26315789473684,2.1052631578947,0.475,0.1,0.361,0.21052631578947,6
77,500003,0.78939176610614,1,491
70,500002,1.5310975580374,0,492
70,123,1,1,1123
123,500002,1.6012041961345,0,1124
123,124,1,1,1993
124,500002,1.5104574082076,1,1994
0,124,0.25,1.9,0.5,0.1,0.361,0.21052631578947,6
77,500003,0.78939176610614,1,491
70,500002,1.5310975580374,0,492
70,123,1,1,1123
123,500002,1.5104574082076,0,1124
123,124,1,1,1997
124,500002,1.5104574082076,1,1998
67,0,0,1,3
67,123,0.2375,1.805,0.52631578947368,0.1,0.38,0.2,4
77,500003,0.78939176610614,1,491
70,500002,1.5310975580374,0,492
70,123,1,1,1139
123,500002,1.5202116057073,1,1140
0,124,0.25,1.71475,0.55401662049861,0.10526315789474,0.38,0.2,6
77,500003,0.78939176610614,1,491
70,500002,1.5310975580374,0,492
70,123,1,1,1139
123,500002,1.5202116057073,1,1140
70,124,1,1,2001
124,500002,1.5310975580374,1,2002
0,123,0.2375,1.71475,0.55401662049861,0.1,0.361,0.19,4
77,500003,0.78939176610614,1,491
70,500002,1.5310975580374,0,492
70,123,1,1,1139
123,500002,1.5202116057073,1,1140
0,123,0.2375,1.805,0.5,0.095,0.361,0.2,4
77,500003,0.78939176610614,1,491
70,500002,1.5310975580374,0,492
70,123,1,1,1139
123,500002,1.5202116057073,1,1140
67,0,0,1,3
67,123,0.25,1.805,0.475,0.1,0.361,0.19,4
77,500003,0.78939176610614,1,491
70,500002,1.5310975580374,0,492
70,123,1,1,1199
123,500002,1.5310975580374,1,1200
0,124,0.25,1.9,0.45125,0.1,0.361,0.19,6
77,500003,0.78939176610614,1,491
70,500002,1.5310975580374,1,492
70,123,1,1,1199
123,500002,1.5310975580374,0,1200
123,124,1,1,2009
124,500002,1.5310975580374,1,2010
0,124,0.25,1.9,0.475,0.10526315789474,0.34295,0.2,6
77,500003,0.78939176610614,1,491
70,500002,1.5310975580374,0,492
70,123,1,0,1199
123,500002,1.5310975580374,1,1200
70,124,1.0333936743161,1,2013
124,123,1,1,2014
0,124,0.26315789473684,1.9,0.475,0.10526315789474,0.38,0.19,6
77,500003,0.78939176610614,0,491
70,500002,1.5310975580374,0,492
70,123,1,1,1199
123,500002,1.5310975580374,1,1200
77,124,1,1,2017
124,500003,0.78939176610614,0,2018
67,0,0,1,2
67,123,0.2375,2,0.475,0.10526315789474,0.361,0.21052631578947,4
77,500003,0.78939176610614,1,491
70,500002,1.5310975580374,0,492
70,123,1.0013460268916,1,1127
123,500002,1.5310975580374,1,1128
0,124,0.225625,2.1052631578947,0.475,0.1,0.34295,0.22160664819944,6
77,500003,0.78939176610614,1,491
70,500002,1.5310975580374,0,492
70,123,1.0013460268916,1,1127
123,500002,1.5310975580374,0,1128
123,124,1,1,2023
124,500002,1.5310975580374,1,2024
0,124,0.225625,1.9,0.475,0.1,0.34295,0.2,6
77,500003,0.78939176610614,0,491
70,500002,1.5310975580374,0,492
70,123,1.0013460268916,1,1127
123,500002,1.5310975580374,1,1128
77,124,1,1,2027
124,500003,0.78939176610614,1,2028
67,0,0,1,2
67,123,0.2375,1.805,0.5,0.11080332409973,0.38,0.21052631578947,4
77,500003,0.78939176610614,1,491
70,500002,1.5310975580374,1,492
70,123,0.95002403860989,0,1072
123,500002,1.5310975580374,0,1073
0,123,0.225625,1.9,0.5,0.11080332409973,0.361,0.21052631578947,4
77,500003,0.78939176610614,1,491
70,500002,1.5310975580374,1,492
70,123,1.0293789263521,0,1072
123,500002,1.5310975580374,0,1073
0,123,0.25,1.9,0.475,0.11663507799972,0.4,0.21052631578947,4
77,500003,0.78939176610614,0,491
70,500002,1.5310975580374,1,492
70,123,0.95002403860989,0,1072
123,500002,1.5310975580374,0,1073
67,0,0,1,3
67,123,0.2375,1.9,0.475,0.11080332409973,0.4,0.19,4
77,500003,0.78939176610614,1,491
70,500002,1.5310975580374,0,492
70,123,1,1,1181
123,500002,1.5310975580374,1,1182
0,124,0.225625,1.9,0.5,0.11080332409973,0.42105263157895,0.2,6
77,500003,0.78939176610614,1,491
70,500002,1.5310975580374,0,492
70,123,1,0,1181
123,500002,1.5310975580374,1,1182
70,124,1,1,2037
124,123,1,1,2038
0,124,0.2375,1.9,0.5,0.11080332409973,0.4,0.19,6
77,500003,0.78939176610614,1,491
70,500002,1.5310975580374,0,492
70,123,1,1,1181
123,500002,1.5310975580374,1,1182
70,124,1,1,2041
124,500002,1.5310975580374,0,2042
0,123,0.25,1.9,0.5,0.11663507799972,0.4,0.1805,4
77,500003,0.78939176610614,1,491
70,500002,1.5310975580374,1,492
70,123,1,1,1181
123,500002,1.5310975580374,1,1182
71,0,0,1,1
64,122,0.25,1.9,0.475,0.1,0.4,0.19,2
88,500003,0.1242602313303,1,345
45,500001,-1.7244788964507,1,346
0,122,0.225625,2,0.5,0.09025,0.42105263157895,0.171475,2
88,500003,0.1242602313303,1,345
45,500001,-1.7244788964507,1,346
64,0,0,1,3
64,123,0.2375,1.9,0.5,0.095,0.4,0.2,4
88,500003,0.1242602313303,1,345
45,500001,-1.7244788964507,1,346
88,123,1.0183088167974,1,1364
123,500003,0.1242602313303,1,1365
0,123,0.25,2,0.52631578947368,0.1,0.38,0.2,4
88,500003,0.1242602313303,0,345
45,500001,-1.7244788964507,1,346
88,123,1.0183088167974,1,1364
123,500003,0.1242602313303,1,1365
0,123,0.2375,2,0.52631578947368,0.095,0.4,0.19,4
88,500003,0.1242602313303,1,345
45,500001,-1.7244788964507,1,346
88,123,1.0183088167974,1,1364
123,500003,0.1242602313303,1,1365
0,123,0.25,1.9,0.5,0.09025,0.42105263157895,0.19,4
88,500003,0.1242602313303,1,345
45,500001,-1.7244788964507,1,346
88,123,1.0183088167974,1,1364
123,500003,0.1242602313303,1,1365
64,0,0,1,3
64,123,0.2375,2,0.475,0.09025,0.44321329639889,0.2,4
88,500003,0.1242602313303,0,345
45,500001,-1.7244788964507,1,346
88,123,1,1,1356
123,500003,0.1242602313303,1,1357
0,124,0.25,2.1052631578947,0.5,0.095,0.46654031199883,0.2,6
88,500003,0.1242602313303,0,345
45,500001,-1.7244788964507,1,346
88,123,1,1,1356
123,500003,0.1242602313303,1,1357
123,124,1,1,2063
124,500003,0.1242602313303,1,2064
0,123,0.2375,1.9,0.475,0.09025,0.44321329639889,0.2,4
88,500003,0.1242602313303,0,345
45,500001,-1.7244788964507,1,346
88,123,1,0,1356
123,500003,0.1242602313303,1,1357
0,123,0.2375,1.9,0.45125,0.0857375,0.46654031199883,0.19,4
88,500003,0.1242602313303,1,345
45,500001,-1.7244788964507,1,346
88,123,1,1,1356
123,500003,0.1242602313303,1,1357
64,0,0,1,2
64,123,0.25,2.1052631578947,0.52631578947368,0.1,0.42105263157895,0.2,4
88,500003,0.1242602313303,0,345
45,500001,-1.7244788964507,1,346
88,123,1,1,1287
123,500003,0.1242602313303,1,1288
0,123,0.26315789473684,2,0.52631578947368,0.10526315789474,0.44321329639889,0.19,4
88,500003,0.1242602313303,0,345
45,500001,-1.7244788964507,1,346
88,123,1.0248292168147,1,1287
123,500003,0.1242602313303,1,1288
0,123,0.2375,2.2160664819944,0.52631578947368,0.10526315789474,0.4,0.2,4
88,500003,0.1242602313303,0,345
45,500001,-1.7244788964507,1,346
88,123,1,1,1287
123,500003,0.1242602313303,1,1288
64,0,0,1,1
64,123,0.225625,2,0.52631578947368,0.1,0.4,0.19,4
88,500003,0.1242602313303,0,345
45,500001,-1.7244788964507,1,346
88,123,1,1,1283
123,500003,0.1242602313303,1,1284
0,124,0.225625,1.9,0.52631578947368,0.095,0.4,0.19,6
88,500003,0.1242602313303,1,345
45,500001,-1.7244788964507,1,346
88,123,1,1,1283
123,500003,0.1242602313303,0,1284
88,124,1,1,2080
124,500003,0.1242602313303,1,2081
64,0,0,1,1
64,123,0.25,2,0.475,0.1,0.42105263157895,0.1805,4
88,500003,0.1242602313303,0,345
45,500001,-1.7244788964507,0,346
88,123,1,1,1279
123,500003,0.1242602313303,1,1280
0,123,0.26315789473684,2.1052631578947,0.45125,0.095,0.4,0.171475,4
88,500003,0.1242602313303,1,345
45,500001,-1.7244788964507,0,346
88,123,1.0360812707907,0,1279
123,500003,0.1242602313303,1,1280
64,0,0,1,2
64,123,0.2375,1.9,0.5,0.1,0.44321329639889,0.1805,4
88,500003,0.16299127170629,0,345
45,500001,-1.7244788964507,1,346
88,123,1,1,1290
123,500003,0.1242602313303,1,1291
0,123,0.225625,1.9,0.5,0.095,0.44321329639889,0.19,4
88,500003,0.16299127170629,0,345
45,500001,-1.7244788964507,1,346
88,123,1,1,1290
123,500003,0.1242602313303,0,1291
0,123,0.25,1.9,0.475,0.095,0.42105263157895,0.171475,4
88,500003,0.16299127170629,0,345
45,500001,-1.7244788964507,1,346
88,123,1,1,1290
123,500003,0.1242602313303,1,1291
64,0,0,1,3
64,123,0.2375,1.9,0.52631578947368,0.09025,0.4,0.1805,4
88,500003,0.1242602313303,1,345
45,500001,-1.7244788964507,0,346
45,123,1,0,1296
123,500001,-1.7244788964507,1,1297
0,124,0.25,1.9,0.52631578947368,0.095,0.42105263157895,0.171475,6
88,500003,0.1242602313303,1,345
45,500001,-1.7244788964507,0,346
45,123,1,0,1296
123,500001,-1.7244788964507,0,1297
45,124,1,1,2098
124,123,1,1,2099
0,124,0.25,1.9,0.5,0.09025,0.42105263157895,0.1805,6
88,500003,0.1242602313303,0,345
45,500001,-1.7244788964507,1,346
45,123,1,0,1296
123,500001,-1.7244788964507,1,1297
88,124,1,1,2102
124,500003,0.1242602313303,1,2103
0,124,0.225625,1.805,0.5,0.0857375,0.42105263157895,0.19,6
88,500003,0.1242602313303,1,345
45,500001,-1.7244788964507,0,346
45,123,1,0,1296
123,500001,-1.7244788964507,0,1297
123,124,1,1,2106
124,500001,-1.7242250881222,0,2107
64,0,0,1,3
64,123,0.2375,1.9,0.52631578947368,0.09025,0.4,0.19,4
88,500003,0.1242602313303,1,345
45,500001,-1.7244788964507,1,346
45,123,1,1,1326
123,500001,-1.7244788964507,1,1327
0,124,0.25,1.805,0.5,0.09025,0.42105263157895,0.2,6
88,500003,0.1242602313303,1,345
45,500001,-1.7244788964507,1,346
45,123,1,0,1326
123,500001,-1.7244788964507,1,1327
45,124,1,1,2110
124,123,1,0,2111
0,124,0.225625,1.805,0.55401662049861,0.0857375,0.4,0.2,6
88,500003,0.1242602313303,0,345
45,500001,-1.7244788964507,1,346
45,123,1,1,1326
123,500001,-1.7244788964507,1,1327
88,124,0.048646504104739,1,2114
124,500003,0.1242602313303,0,2115
0,124,0.225625,1.9,0.55401662049861,0.0857375,0.42105263157895,0.2,6
88,500003,0.1242602313303,1,345
45,500001,-1.7244788964507,0,346
45,123,1,1,1326
123,500001,-1.7244788964507,1,1327
45,124,1,1,2118
124,500001,-1.7244788964507,0,2119
64,0,0,1,2
64,123,0.2375,2.1052631578947,0.475,0.095,0.4,0.19,4
88,500003,0.1242602313303,0,345
45,500001,-1.7244788964507,1,346
88,123,1,1,1302
123,500003,0.1242602313303,1,1303
0,124,0.25,2.2160664819944,0.45125,0.095,0.38,0.1805,6
88,500003,0.1242602313303,1,345
45,500001,-1.7244788964507,1,346
88,123,1,1,1302
123,500003,0.1242602313303,0,1303
123,124,1,1,2122
124,500003,0.1242602313303,1,2123
0,123,0.2375,2.2160664819944,0.475,0.1,0.42105263157895,0.2,4
88,500003,0.1242602313303,0,345
45,500001,-1.7244788964507,1,346
88,123,1,1,1302
123,500003,0.15246848963896,0,1303
64,0,0,1,2
64,123,0.225625,2,0.52631578947368,0.1,0.42105263157895,0.19,4
88,500003,0.1242602313303,0,345
45,500001,-1.7244788964507,1,346
88,123,1,1,1360
123,500003,0.1242602313303,1,1361
0,123,0.2375,2,0.55401662049861,0.095,0.42105263157895,0.1805,4
88,500003,0.1242602313303,1,345
45,500001,-1.7244788964507,1,346
88,123,1,1,1360
123,500003,0.1242602313303,1,1361
0,123,0.21434375,1.9,0.52631578947368,0.095,0.44321329639889,0.19,4
88,500003,0.1242602313303,0,345
45,500001,-1.7244788964507,1,346
88,123,1,0,1360
123,500003,0.1242602313303,1,1361
64,0,0,1,2
64,123,0.2375,2.1052631578947,0.52631578947368,0.1,0.44321329639889,0.2,4
88,500003,0.1242602313303,1,345
45,500001,-1.7244788964507,0,346
45,123,1,1,1275
123,500001,-1.7244788964507,0,1276
0,124,0.225625,2,0.55401662049861,0.095,0.44321329639889,0.19,6
88,500003,0.1242602313303,1,345
45,500001,-1.7244788964507,0,346
45,123,1,0,1275
123,500001,-1.7244788964507,1,1276
45,124,1,1,2138
124,123,1,1,2139
0,123,0.25,2.2160664819944,0.52631578947368,0.10526315789474,0.46654031199883,0.19,4
88,500003,0.1242602313303,1,345
45,500001,-1.7244788964507,0,346
45,123,1,1,1275
123,500001,-1.7244788964507,0,1276
64,0,0,1,2
64,123,0.2375,2,0.5,0.095,0.4,0.19,4
88,500003,0.16616901150548,0,345
45,500001,-1.7244788964507,1,346
88,123,1,1,1265
123,500003,0.1242602313303,1,1266
0,124,0.25,2,0.475,0.095,0.38,0.2,6
88,500003,0.16616901150548,1,345
45,500001,-1.7244788964507,1,346
88,123,1,1,1265
123,500003,0.1242602313303,0,1266
123,124,1,1,2146
124,500003,0.1242602313303,1,2147
0,124,0.2375,1.9,0.52631578947368,0.09025,0.4,0.19,6
88,500003,0.16616901150548,0,345
45,500001,-1.7244788964507,1,346
88,123,1,1,1265
123,500003,0.1242602313303,1,1266
88,124,1,1,2150
124,500003,0.16616901150548,1,2151
64,0,0,1,2
64,123,0.225625,1.9,0.475,0.09025,0.44321329639889,0.19,4
88,500003,0.1242602313303,1,345
45,500001,-1.7244788964507,0,346
45,123,1,1,1346
123,500001,-1.7244788964507,1,1347
0,123,0.225625,2,0.45125,0.0857375,0.46654031199883,0.1805,4
88,500003,0.1242602313303,0,345
45,500001,-1.7244788964507,0,346
45,123,1,1,1346
123,500001,-1.7244788964507,1,1347
0,123,0.2375,1.805,0.5,0.095,0.46654031199883,0.2,4
88,500003,0.1242602313303,1,345
45,500001,-1.7244788964507,0,346
45,123,1,1,1346
123,500001,-1.3256630146184,1,1347
64,0,0,1,2
64,123,0.225625,1.9,0.52631578947368,0.095,0.42105263157895,0.2,4
88,500003,0.1242602313303,1,345
45,500001,-1.7244788964507,0,346
45,123,1,1,1352
123,500001,-1.7244788964507,0,1353
0,123,0.2375,1.805,0.5,0.1,0.4,0.21052631578947,4
88,500003,0.1242602313303,0,345
45,500001,-1.7244788964507,0,346
45,123,1,1,1352
123,500001,-1.7244788964507,0,1353
0,123,0.21434375,2,0.52631578947368,0.1,0.4,0.19,4
88,500003,0.1242602313303,0,345
45,500001,-1.7244788964507,1,346
45,123,1,1,1352
123,500001,-1.7244788964507,0,1353
64,0,0,1,2
64,123,0.2375,2.1052631578947,0.52631578947368,0.09025,0.4,0.1805,4
88,500003,0.1242602313303,1,345
45,500001,-1.7244788964507,0,346
45,123,1,1,1271
123,500001,-1.7244788964507,1,1272
0,124,0.2375,2.1052631578947,0.55401662049861,0.0857375,0.4,0.171475,6
88,500003,0.1242602313303,0,345
45,500001,-1.6730604689932,1,346
45,123,1,0,1271
123,500001,-1.7244788964507,1,1272
45,124,1,1,2165
124,123,1,1,2166
0,123,0.25,2.1052631578947,0.52631578947368,0.09025,0.42105263157895,0.1805,4
88,500003,0.1242602313303,1,345
45,500001,-1.7244788964507,1,346
45,123,1,1,1271
123,500001,-1.7244788964507,1,1272
64,0,0,1,2
64,123,0.2375,2,0.475,0.1,0.44321329639889,0.1805,4
88,500003,0.1242602313303,1,345
45,500001,-1.6306253242592,0,346
45,123,1,1,1230
123,500001,-1.7244788964507,1,1231
0,124,0.225625,2.1052631578947,0.5,0.095,0.42105263157895,0.19,6
88,500003,0.1242602313303,1,345
45,500001,-1.6306253242592,0,346
45,123,1,0,1230
123,500001,-1.7244788964507,1,1231
45,124,1,1,2173
124,123,1,1,2174
0,124,0.25,2.1052631578947,0.475,0.095,0.46654031199883,0.1805,6
88,500003,0.1242602313303,0,345
45,500001,-1.6306253242592,0,346
45,123,1,1,1230
123,500001,-1.7244788964507,1,1231
45,124,1,1,2179
124,500001,-1.6898948637349,1,2180
64,0,0,1,2
64,123,0.2375,1.9,0.475,0.1,0.42105263157895,0.1805,4
88,500003,0.1242602313303,1,345
45,500001,-1.7244788964507,0,346
45,123,1,1,1246
123,500001,-1.7244788964507,1,1247
0,124,0.225625,2,0.475,0.095,0.42105263157895,0.19,6
88,500003,0.1242602313303,0,345
45,500001,-1.7244788964507,1,346
45,123,1,0,1246
123,500001,-1.7244788964507,1,1247
45,124,1,1,2183
124,123,1,1,2184
0,123,0.25,2,0.5,0.095,0.44321329639889,0.19,4
88,500003,0.1242602313303,0,345
45,500001,-1.7244788964507,1,346
45,123,1,1,1246
123,500001,-1.7244788964507,1,1247
64,0,0,1,3
64,123,0.2375,2.1052631578947,0.5,0.1,0.42105263157895,0.19,4
88,500003,0.1242602313303,1,345
45,500001,-1.7244788964507,0,346
45,123,1,1,1342
123,500001,-1.7244788964507,1,1343
0,124,0.225625,2.2160664819944,0.475,0.095,0.42105263157895,0.1805,6
88,500003,0.1242602313303,1,345
45,500001,-1.7244788964507,1,346
45,123,1,1,1342
123,500001,-1.7244788964507,1,1343
123,124,1,1,2191
124,500001,-1.7244788964507,1,2192
0,123,0.225625,2.2160664819944,0.52631578947368,0.10526315789474,0.44321329639889,0.2,4
88,500003,0.1242602313303,1,345
45,500001,-1.7244788964507,1,346
45,123,1,1,1342
123,500001,-1.7244788964507,1,1343
0,123,0.25,2,0.5,0.095,0.44321329639889,0.2,4
88,500003,0.1242602313303,1,345
45,500001,-1.7244788964507,1,346
45,123,1,1,1342
123,500001,-1.7244788964507,1,1343
64,0,0,1,3
64,123,0.225625,1.9,0.5,0.09025,0.4,0.19,4
88,500003,0.1242602313303,0,345
45,500001,-1.7244788964507,1,346
88,123,1,1,1335
123,500003,0.04258710745567,1,1336
0,124,0.225625,1.805,0.5,0.09025,0.42105263157895,0.2,6
88,500003,0.1242602313303,0,345
45,500001,-1.7244788964507,1,346
88,123,1,1,1335
123,500003,0.055689291055023,0,1336
88,124,1,1,2199
124,500003,0.1242602313303,0,2200
0,123,0.21434375,1.9,0.52631578947368,0.095,0.38,0.1805,4
88,500003,0.1242602313303,0,345
45,500001,-1.7244788964507,1,346
88,123,1,1,1335
123,500003,0.04258710745567,1,1336
0,123,0.21434375,1.805,0.475,0.095,0.38,0.1805,4
88,500003,0.1242602313303,0,345
45,500001,-1.7244788964507,1,346
88,123,1,1,1335
123,500003,0.04258710745567,1,1336
64,0,0,1,3
64,123,0.2375,2,0.475,0.1,0.42105263157895,0.1805,4
88,500003,0.090589159825432,1,345
45,500001,-1.7244788964507,1,346
88,123,1,1,1322
123,500003,0.1242602313303,1,1323
0,123,0.25,2.1052631578947,0.5,0.095,0.44321329639889,0.19,4
88,500003,0.10176580095828,1,345
45,500001,-1.7244788964507,1,346
88,123,1,1,1322
123,500003,0.1242602313303,1,1323
0,124,0.2375,2.1052631578947,0.45125,0.10526315789474,0.44321329639889,0.1805,6
88,500003,0.090589159825432,1,345
45,500001,-1.7244788964507,1,346
88,123,1,1,1322
123,500003,0.1242602313303,1,1323
88,124,1,1,2209
124,123,1,1,2210
0,124,0.225625,2.1052631578947,0.45125,0.095,0.4,0.19,6
88,500003,0.090589159825432,1,345
45,500001,-1.7244788964507,0,346
88,123,1,1,1322
123,500003,0.1242602313303,1,1323
45,124,1,1,2214
124,500001,-1.7244788964507,1,2215
64,0,0,1,2
64,123,0.25,2,0.475,0.095,0.4,0.2,4
88,500003,0.1242602313303,1,345
45,500001,-1.7244788964507,0,346
88,123,1,1,1316
123,500003,0.1242602313303,1,1317
0,124,0.2375,1.9,0.5,0.095,0.38,0.2,6
88,500003,0.1242602313303,0,345
45,500001,-1.7244788964507,0,346
88,123,1,1,1316
123,500003,0.1242602313303,1,1317
88,124,1,1,2218
124,500003,0.1242602313303,1,2219
0,124,0.2375,1.9,0.45125,0.1,0.4,0.19,6
88,500003,0.1242602313303,1,345
45,500001,-1.7244788964507,1,346
88,123,1,0,1316
123,500003,0.1242602313303,1,1317
88,124,1,1,2222
124,123,1,1,2223
11,0,1,1,0
11,124,0.25,2,0.52631578947368,0.1,0.42105263157895,0.2,6
61,500003,-1.3856013672292,0,547
62,500005,0.89107943968017,1,548
61,123,-1.6776024658956,1,549
123,500003,-1.3856013672292,0,550
123,124,1,1,1560
124,500003,-1.3856013672292,1,1561
33,0,0,1,1
33,123,0.25,2,0.475,0.09025,0.38,0.19,4
43,500003,1.6458632160405,0,378
116,500005,1.4274780343028,1,379
43,123,1,1,1420
123,500003,1.6458632160405,1,1421
0,124,0.25,1.9,0.45125,0.09025,0.38,0.1805,6
43,500003,1.6458632160405,0,378
116,500005,1.4274780343028,1,379
43,123,1,1,1420
123,500003,1.6458632160405,1,1421
43,124,1,1,2232
124,500003,1.6458632160405,1,2233
33,0,0,1,0
33,123,0.26315789473684,1.9,0.45125,0.095,0.38,0.2,4
43,500003,1.6458632160405,0,378
116,500005,1.4452955717643,1,379
43,123,1,1,1412
123,500003,1.6458632160405,1,1413
33,0,0,1,1
33,123,0.26315789473684,2.1052631578947,0.5,0.09025,0.361,0.19,4
43,500003,1.6458632160405,0,378
116,500005,1.4452955717643,1,379
43,123,1,1,1431
123,500003,1.6458632160405,1,1432
0,124,0.27700831024931,2,0.52631578947368,0.095,0.34295,0.19,6
43,500003,1.6458632160405,0,378
116,500005,1.4452955717643,0,379
43,123,1,0,1431
123,500003,1.6458632160405,1,1432
43,124,1.0440368358409,1,2238
124,123,1,1,2239
33,0,1,1,0
33,122,0.27700831024931,1.9,0.475,0.095,0.38,0.2,2
43,500003,1.6458632160405,1,378
116,500005,1.4452955717643,1,379
33,0,0,1,1
33,123,0.26315789473684,2,0.45125,0.1,0.38,0.19,4
43,500003,1.6458632160405,1,378
116,500005,1.4452955717643,0,379
116,123,1,1,1416
123,500005,1.4452955717643,1,1417
0,123,0.27700831024931,2,0.45125,0.1,0.38,0.2,4
43,500003,1.6458632160405,1,378
116,500005,1.4452955717643,0,379
116,123,1,1,1416
123,500005,1.4452955717643,1,1417
16,0,1,1,0
16,124,0.27700831024931,2.1052631578947,0.52631578947368,0.10526315789474,0.42105263157895,0.19,6
40,500003,0.94442579424421,1,679
19,500004,1.1108159203821,0,680
19,123,1,0,681
123,500004,1.1388897366253,1,682
19,124,1,1,1536
124,123,1,0,1537
18,0,1,1,0
8,124,0.25,2.1052631578947,0.52631578947368,0.09025,0.4,0.2,7
52,500002,0.46259956663717,0,516
90,500005,1.2795190282907,1,517
63,500003,0.43061616870632,1,518
52,123,0.97600283822138,1,519
123,500002,0.46259956663717,0,520
123,124,1,0,1496
124,500002,0.46259956663717,0,1497
0,0,0,1,1
80,122,0.225625,1.9,0.5,0.1,0.4,0.2,0
80,122,0.225625,1.9,0.5,0.1,0.4,0.2,0
0,0,0,1,1
0,122,0.2375,1.805,0.475,0.11080332409973,0.42105263157895,0.2,0
0,122,0.2375,1.805,0.475,0.11080332409973,0.42105263157895,0.2,0
0,0,0,1,1
80,123,0.225625,1.805,0.475,0.1,0.4,0.2,0
80,123,0.225625,1.805,0.475,0.1,0.4,0.2,0
0,0,0,1,1
80,123,0.25,1.805,0.52631578947368,0.1,0.361,0.19,0
80,123,0.25,1.805,0.52631578947368,0.1,0.361,0.19,0
0,0,0,1,1
0,123,0.26315789473684,1.805,0.5,0.095,0.34295,0.19,0
0,123,0.26315789473684,1.805,0.5,0.095,0.34295,0.19,0
0,0,0,1,1
0,123,0.25,1.9,0.55401662049861,0.095,0.361,0.2,0
0,123,0.25,1.9,0.55401662049861,0.095,0.361,0.2,0
0,0,0,1,1
80,123,0.225625,2,0.52631578947368,0.1,0.361,0.19,0
80,123,0.225625,2,0.52631578947368,0.1,0.361,0.19,0
0,0,0,1,1
0,123,0.2375,1.9,0.55401662049861,0.095,0.34295,0.19,0
0,123,0.2375,1.9,0.55401662049861,0.095,0.34295,0.19,0
0,0,0,1,1
0,123,0.225625,2,0.55401662049861,0.095,0.361,0.19,0
0,123,0.225625,2,0.55401662049861,0.095,0.361,0.19,0
0,0,0,1,1
80,123,0.25,1.805,0.475,0.11080332409973,0.38,0.2,0
80,123,0.25,1.805,0.475,0.11080332409973,0.38,0.2,0
0,0,0,1,1
0,123,0.26315789473684,1.71475,0.45125,0.10526315789474,0.4,0.21052631578947,0
0,123,0.26315789473684,1.71475,0.45125,0.10526315789474,0.4,0.21052631578947,0
0,0,0,1,1
80,123,0.225625,2,0.52631578947368,0.11080332409973,0.4,0.1805,0
80,123,0.225625,2,0.52631578947368,0.11080332409973,0.4,0.1805,0
0,0,0,1,1
0,123,0.2375,2.1052631578947,0.52631578947368,0.10526315789474,0.42105263157895,0.19,0
0,123,0.2375,2.1052631578947,0.52631578947368,0.10526315789474,0.42105263157895,0.19,0
0,0,0,1,1
0,123,0.225625,2.1052631578947,0.52631578947368,0.11663507799972,0.38,0.19,0
0,123,0.225625,2.1052631578947,0.52631578947368,0.11663507799972,0.38,0.19,0
0,0,0,1,1
0,123,0.225625,1.9,0.52631578947368,0.11663507799972,0.38,0.19,0
0,123,0.225625,1.9,0.52631578947368,0.11663507799972,0.38,0.19,0
0,0,0,1,1
80,123,0.2375,1.805,0.52631578947368,0.11080332409973,0.4,0.2,0
80,123,0.2375,1.805,0.52631578947368,0.11080332409973,0.4,0.2,0
0,0,0,1,1
0,123,0.2375,1.71475,0.52631578947368,0.11663507799972,0.38,0.19,0
0,123,0.2375,1.71475,0.52631578947368,0.11663507799972,0.38,0.19,0
0,0,0,1,1
0,123,0.25,1.71475,0.52631578947368,0.10526315789474,0.38,0.2,0
0,123,0.25,1.71475,0.52631578947368,0.10526315789474,0.38,0.2,0
0,0,0,1,1
80,123,0.25,2,0.52631578947368,0.10526315789474,0.38,0.21052631578947,0
80,123,0.25,2,0.52631578947368,0.10526315789474,0.38,0.21052631578947,0
0,0,0,1,1
0,123,0.2375,2.1052631578947,0.52631578947368,0.10526315789474,0.361,0.21052631578947,0
0,123,0.2375,2.1052631578947,0.52631578947368,0.10526315789474,0.361,0.21052631578947,0
0,0,0,1,1
80,123,0.2375,1.9,0.52631578947368,0.11080332409973,0.361,0.19,0
80,123,0.2375,1.9,0.52631578947368,0.11080332409973,0.361,0.19,0
0,0,0,1,1
0,123,0.25,1.9,0.52631578947368,0.11080332409973,0.38,0.19,0
0,123,0.25,1.9,0.52631578947368,0.11080332409973,0.38,0.19,0
0,0,0,1,1
0,123,0.2375,1.805,0.52631578947368,0.10526315789474,0.38,0.1805,0
0,123,0.2375,1.805,0.52631578947368,0.10526315789474,0.38,0.1805,0
0,0,0,1,1
80,123,0.25,2,0.52631578947368,0.11080332409973,0.4,0.2,0
80,123,0.25,2,0.52631578947368,0.11080332409973,0.4,0.2,0
0,0,0,1,1
80,123,0.225625,2,0.5,0.10526315789474,0.4,0.19,0
80,123,0.225625,2,0.5,0.10526315789474,0.4,0.19,0
0,0,0,1,1
0,123,0.21434375,2.1052631578947,0.5,0.11080332409973,0.38,0.1805,0
0,123,0.21434375,2.1052631578947,0.5,0.11080332409973,0.38,0.1805,0
0,0,0,1,1
80,123,0.225625,1.805,0.475,0.11080332409973,0.38,0.19,0
80,123,0.225625,1.805,0.475,0.11080332409973,0.38,0.19,0
0,0,0,1,1
0,123,0.225625,1.9,0.45125,0.11080332409973,0.4,0.19,0
0,123,0.225625,1.9,0.45125,0.11080332409973,0.4,0.19,0
0,0,0,1,1
80,123,0.225625,2,0.475,0.1,0.38,0.2,0
80,123,0.225625,2,0.475,0.1,0.38,0.2,0
0,0,0,1,1
80,123,0.2375,1.9,0.475,0.1,0.38,0.21052631578947,0
80,123,0.2375,1.9,0.475,0.1,0.38,0.21052631578947,0
0,0,0,1,1
0,123,0.225625,1.9,0.45125,0.095,0.4,0.2,0
0,123,0.225625,1.9,0.45125,0.095,0.4,0.2,0
0,0,0,1,1
80,123,0.2375,2,0.475,0.10526315789474,0.4,0.21052631578947,0
80,123,0.2375,2,0.475,0.10526315789474,0.4,0.21052631578947,0
0,0,0,1,1
0,123,0.25,1.9,0.5,0.1,0.4,0.21052631578947,0
0,123,0.25,1.9,0.5,0.1,0.4,0.21052631578947,0
0,0,0,1,1
80,123,0.25,1.9,0.52631578947368,0.11080332409973,0.4,0.2,0
80,123,0.25,1.9,0.52631578947368,0.11080332409973,0.4,0.2,0
0,0,0,1,1
80,123,0.225625,2,0.52631578947368,0.1,0.4,0.2,0
80,123,0.225625,2,0.52631578947368,0.1,0.4,0.2,0
0,0,0,1,1
0,123,0.21434375,1.9,0.55401662049861,0.1,0.38,0.21052631578947,0
0,123,0.21434375,1.9,0.55401662049861,0.1,0.38,0.21052631578947,0
0,0,0,1,1
80,122,0.2375,2,0.5,0.10526315789474,0.4,0.2,0
80,122,0.2375,2,0.5,0.10526315789474,0.4,0.2,0
0,0,0,1,1
0,122,0.225625,1.9,0.52631578947368,0.1,0.361,0.2,0
0,122,0.225625,1.9,0.52631578947368,0.1,0.361,0.2,0
0,0,0,1,1
0,123,0.225625,2,0.5,0.11080332409973,0.4,0.2,4
77,500003,1.6467177343059,1,167
64,500004,1.9973143711661,0,168
64,123,1,0,1802
123,500004,1.9973143711661,0,1803
0,123,0.225625,2,0.5,0.11080332409973,0.4,0.2,4
77,500003,1.6467177343059,1,167
64,500004,1.9973143711661,0,168
64,123,1,0,1802
123,500004,1.9973143711661,0,1803
0,0,0,1,1
73,123,0.2375,1.9,0.55401662049861,0.10526315789474,0.4,0.19,0
73,123,0.2375,1.9,0.55401662049861,0.10526315789474,0.4,0.19,0
0,0,0,1,1
73,123,0.225625,1.805,0.55401662049861,0.11080332409973,0.4,0.1805,0
73,123,0.225625,1.805,0.55401662049861,0.11080332409973,0.4,0.1805,0
0,0,0,1,1
0,123,0.21434375,1.805,0.55401662049861,0.10526315789474,0.42105263157895,0.19,0
0,123,0.21434375,1.805,0.55401662049861,0.10526315789474,0.42105263157895,0.19,0
0,0,0,1,1
73,123,0.225625,1.9,0.55401662049861,0.11080332409973,0.38,0.1805,0
73,123,0.225625,1.9,0.55401662049861,0.11080332409973,0.38,0.1805,0
0,0,0,1,1
0,123,0.225625,1.9,0.55401662049861,0.11663507799972,0.38,0.171475,0
0,123,0.225625,1.9,0.55401662049861,0.11663507799972,0.38,0.171475,0
0,0,0,1,1
0,123,0.225625,2,0.52631578947368,0.10526315789474,0.4,0.19,0
0,123,0.225625,2,0.52631578947368,0.10526315789474,0.4,0.19,0
0,0,0,1,1
73,123,0.25,1.805,0.55401662049861,0.10526315789474,0.4,0.2,0
73,123,0.25,1.805,0.55401662049861,0.10526315789474,0.4,0.2,0
0,0,0,1,1
0,123,0.25,1.805,0.58317538999854,0.10526315789474,0.42105263157895,0.2,0
0,123,0.25,1.805,0.58317538999854,0.10526315789474,0.42105263157895,0.2,0
0,0,0,1,1
73,123,0.25,2,0.5,0.11080332409973,0.4,0.19,0
73,123,0.25,2,0.5,0.11080332409973,0.4,0.19,0
0,0,0,1,1
0,123,0.25,2.1052631578947,0.475,0.11080332409973,0.38,0.19,0
0,123,0.25,2.1052631578947,0.475,0.11080332409973,0.38,0.19,0
0,0,0,1,1
73,123,0.25,2,0.55401662049861,0.11080332409973,0.38,0.1805,0
73,123,0.25,2,0.55401662049861,0.11080332409973,0.38,0.1805,0
0,0,0,1,1
73,123,0.225625,2,0.5,0.11080332409973,0.38,0.19,0
73,123,0.225625,2,0.5,0.11080332409973,0.38,0.19,0
0,0,0,1,1
0,123,0.225625,2,0.475,0.11663507799972,0.38,0.1805,0
0,123,0.225625,2,0.475,0.11663507799972,0.38,0.1805,0
0,0,0,1,1
73,123,0.225625,1.9,0.52631578947368,0.1,0.38,0.19,0
73,123,0.225625,1.9,0.52631578947368,0.1,0.38,0.19,0
0,0,0,1,1
0,123,0.2375,1.805,0.52631578947368,0.095,0.38,0.2,0
0,123,0.2375,1.805,0.52631578947368,0.095,0.38,0.2,0
0,0,0,1,1
0,123,0.225625,1.9,0.55401662049861,0.10526315789474,0.4,0.19,0
0,123,0.225625,1.9,0.55401662049861,0.10526315789474,0.4,0.19,0
0,0,0,1,1
73,123,0.25,1.9,0.52631578947368,0.1,0.4,0.19,0
73,123,0.25,1.9,0.52631578947368,0.1,0.4,0.19,0
0,0,0,1,1
73,123,0.225625,1.9,0.55401662049861,0.11080332409973,0.361,0.2,0
73,123,0.225625,1.9,0.55401662049861,0.11080332409973,0.361,0.2,0
0,0,0,1,1
0,123,0.225625,1.9,0.58317538999854,0.11080332409973,0.34295,0.21052631578947,0
0,123,0.225625,1.9,0.58317538999854,0.11080332409973,0.34295,0.21052631578947,0
0,0,0,1,1
73,123,0.25,1.805,0.55401662049861,0.10526315789474,0.4,0.2,0
73,123,0.25,1.805,0.55401662049861,0.10526315789474,0.4,0.2,0
0,0,0,1,1
73,123,0.225625,2,0.55401662049861,0.1,0.4,0.19,0
73,123,0.225625,2,0.55401662049861,0.1,0.4,0.19,0
0,0,0,1,1
0,123,0.21434375,2,0.58317538999854,0.095,0.4,0.2,0
0,123,0.21434375,2,0.58317538999854,0.095,0.4,0.2,0
0,0,0,1,1
73,123,0.25,1.9,0.55401662049861,0.11080332409973,0.361,0.2,0
73,123,0.25,1.9,0.55401662049861,0.11080332409973,0.361,0.2,0
0,0,0,1,1
73,123,0.25,2,0.5,0.11080332409973,0.4,0.2,0
73,123,0.25,2,0.5,0.11080332409973,0.4,0.2,0
0,0,0,1,1
0,123,0.2375,1.9,0.5,0.10526315789474,0.4,0.2,0
0,123,0.2375,1.9,0.5,0.10526315789474,0.4,0.2,0
0,0,0,1,1
73,123,0.2375,2,0.55401662049861,0.11080332409973,0.361,0.1805,0
73,123,0.2375,2,0.55401662049861,0.11080332409973,0.361,0.1805,0
0,0,0,1,1
73,123,0.2375,1.9,0.52631578947368,0.10526315789474,0.38,0.1805,0
73,123,0.2375,1.9,0.52631578947368,0.10526315789474,0.38,0.1805,0
0,0,0,1,1
73,123,0.225625,1.9,0.52631578947368,0.10526315789474,0.38,0.1805,0
73,123,0.225625,1.9,0.52631578947368,0.10526315789474,0.38,0.1805,0
0,0,0,1,1
0,123,0.21434375,1.805,0.5,0.1,0.361,0.1805,0
0,123,0.21434375,1.805,0.5,0.1,0.361,0.1805,0
0,0,0,1,1
67,123,0.25,2,0.5,0.10526315789474,0.38,0.21052631578947,0
67,123,0.25,2,0.5,0.10526315789474,0.38,0.21052631578947,0
0,0,0,1,1
67,123,0.2375,1.805,0.52631578947368,0.1,0.38,0.2,0
67,123,0.2375,1.805,0.52631578947368,0.1,0.38,0.2,0
0,0,0,1,1
67,123,0.25,1.805,0.475,0.1,0.361,0.19,0
67,123,0.25,1.805,0.475,0.1,0.361,0.19,0
0,0,0,1,1
67,123,0.2375,2,0.475,0.10526315789474,0.361,0.21052631578947,0
67,123,0.2375,2,0.475,0.10526315789474,0.361,0.21052631578947,0
0,0,0,1,1
0,123,0.225625,2.1052631578947,0.5,0.11080332409973,0.38,0.2,0
0,123,0.225625,2.1052631578947,0.5,0.11080332409973,0.38,0.2,0
0,0,0,1,1
67,123,0.2375,1.805,0.5,0.11080332409973,0.38,0.21052631578947,0
67,123,0.2375,1.805,0.5,0.11080332409973,0.38,0.21052631578947,0
0,0,0,1,1
0,123,0.25,1.9,0.52631578947368,0.10526315789474,0.361,0.22160664819944,0
0,123,0.25,1.9,0.52631578947368,0.10526315789474,0.361,0.22160664819944,0
0,0,0,1,1
67,123,0.2375,1.9,0.475,0.11080332409973,0.4,0.19,0
67,123,0.2375,1.9,0.475,0.11080332409973,0.4,0.19,0
0,0,0,1,1
71,122,0.25,2,0.52631578947368,0.09025,0.4,0.19,0
71,122,0.25,2,0.52631578947368,0.09025,0.4,0.19,0
0,0,0,1,1
0,123,0.26315789473684,2.1052631578947,0.55401662049861,0.09025,0.42105263157895,0.1805,4
88,500003,0.1242602313303,1,345
45,500001,1.2608417004913,1,346
88,123,1.0436087603381,1,2047
123,500003,0.1242602313303,1,2048
0,123,0.26315789473684,2.1052631578947,0.55401662049861,0.09025,0.42105263157895,0.1805,4
88,500003,0.1242602313303,1,345
45,500001,1.2608417004913,1,346
88,123,1.0436087603381,1,2047
123,500003,0.1242602313303,1,2048
0,0,0,1,1
0,123,0.25,2,0.45125,0.0857375,0.42105263157895,0.19,4
88,500003,0.1242602313303,1,345
45,500001,-1.7244788964507,1,346
88,123,1,1,2053
123,500003,0.1242602313303,0,2054
0,123,0.25,2,0.45125,0.0857375,0.42105263157895,0.19,4
88,500003,0.1242602313303,1,345
45,500001,-1.7244788964507,1,346
88,123,1,1,2053
123,500003,0.1242602313303,0,2054
0,0,0,1,1
64,123,0.2375,1.9,0.5,0.095,0.4,0.2,0
64,123,0.2375,1.9,0.5,0.095,0.4,0.2,0
0,0,0,1,1
64,123,0.2375,2,0.475,0.09025,0.44321329639889,0.2,0
64,123,0.2375,2,0.475,0.09025,0.44321329639889,0.2,0
0,0,0,1,1
64,123,0.25,2.1052631578947,0.52631578947368,0.1,0.42105263157895,0.2,0
64,123,0.25,2.1052631578947,0.52631578947368,0.1,0.42105263157895,0.2,0
0,0,0,1,1
0,123,0.25,2.2160664819944,0.55401662049861,0.10526315789474,0.42105263157895,0.2,0
0,123,0.25,2.2160664819944,0.55401662049861,0.10526315789474,0.42105263157895,0.2,0
0,0,0,1,1
64,123,0.225625,2,0.52631578947368,0.1,0.4,0.19,0
64,123,0.225625,2,0.52631578947368,0.1,0.4,0.19,0
0,0,0,1,1
0,123,0.225625,2,0.55401662049861,0.095,0.4,0.2,0
0,123,0.225625,2,0.55401662049861,0.095,0.4,0.2,0
0,0,0,1,1
0,123,0.21434375,2.1052631578947,0.5,0.10526315789474,0.38,0.2,0
0,123,0.21434375,2.1052631578947,0.5,0.10526315789474,0.38,0.2,0
0,0,0,1,1
64,123,0.25,2,0.475,0.1,0.42105263157895,0.1805,0
64,123,0.25,2,0.475,0.1,0.42105263157895,0.1805,0
0,0,0,1,1
0,123,0.26315789473684,1.9,0.5,0.1,0.44321329639889,0.1805,0
0,123,0.26315789473684,1.9,0.5,0.1,0.44321329639889,0.1805,0
0,0,0,1,1
0,123,0.25,2.1052631578947,0.45125,0.1,0.44321329639889,0.171475,0
0,123,0.25,2.1052631578947,0.45125,0.1,0.44321329639889,0.171475,0
0,0,0,1,1
64,123,0.2375,1.9,0.5,0.1,0.44321329639889,0.1805,0
64,123,0.2375,1.9,0.5,0.1,0.44321329639889,0.1805,0
0,0,0,1,1
0,123,0.25,1.9,0.52631578947368,0.10526315789474,0.46654031199883,0.19,0
0,123,0.25,1.9,0.52631578947368,0.10526315789474,0.46654031199883,0.19,0
0,0,0,1,1
64,123,0.2375,1.9,0.52631578947368,0.09025,0.4,0.1805,0
64,123,0.2375,1.9,0.52631578947368,0.09025,0.4,0.1805,0
0,0,0,1,1
64,123,0.2375,1.9,0.52631578947368,0.09025,0.4,0.19,0
64,123,0.2375,1.9,0.52631578947368,0.09025,0.4,0.19,0
0,0,0,1,1
64,123,0.2375,2.1052631578947,0.475,0.095,0.4,0.19,0
64,123,0.2375,2.1052631578947,0.475,0.095,0.4,0.19,0
0,0,0,1,1
0,123,0.25,2.1052631578947,0.45125,0.095,0.42105263157895,0.2,0
0,123,0.25,2.1052631578947,0.45125,0.095,0.42105263157895,0.2,0
0,0,0,1,1
64,123,0.225625,2,0.52631578947368,0.1,0.42105263157895,0.19,0
64,123,0.225625,2,0.52631578947368,0.1,0.42105263157895,0.19,0
0,0,0,1,1
0,123,0.21434375,1.9,0.55401662049861,0.10526315789474,0.4,0.19,0
0,123,0.21434375,1.9,0.55401662049861,0.10526315789474,0.4,0.19,0
0,0,0,1,1
64,123,0.2375,2.1052631578947,0.52631578947368,0.1,0.44321329639889,0.2,0
64,123,0.2375,2.1052631578947,0.52631578947368,0.1,0.44321329639889,0.2,0
0,0,0,1,1
0,123,0.225625,2.1052631578947,0.55401662049861,0.10526315789474,0.42105263157895,0.19,0
0,123,0.225625,2.1052631578947,0.55401662049861,0.10526315789474,0.42105263157895,0.19,0
0,0,0,1,1
64,123,0.2375,2,0.5,0.095,0.4,0.19,0
64,123,0.2375,2,0.5,0.095,0.4,0.19,0
0,0,0,1,1
0,123,0.225625,1.9,0.5,0.09025,0.42105263157895,0.19,0
0,123,0.225625,1.9,0.5,0.09025,0.42105263157895,0.19,0
0,0,0,1,1
64,123,0.225625,1.9,0.475,0.09025,0.44321329639889,0.19,0
64,123,0.225625,1.9,0.475,0.09025,0.44321329639889,0.19,0
0,0,0,1,1
0,123,0.225625,2,0.475,0.0857375,0.46654031199883,0.1805,0
0,123,0.225625,2,0.475,0.0857375,0.46654031199883,0.1805,0
0,0,0,1,1
64,123,0.225625,1.9,0.52631578947368,0.095,0.42105263157895,0.2,0
64,123,0.225625,1.9,0.52631578947368,0.095,0.42105263157895,0.2,0
0,0,0,1,1
0,123,0.225625,2,0.55401662049861,0.1,0.44321329639889,0.21052631578947,0
0,123,0.225625,2,0.55401662049861,0.1,0.44321329639889,0.21052631578947,0
0,0,0,1,1
64,123,0.2375,2.1052631578947,0.52631578947368,0.09025,0.4,0.1805,0
64,123,0.2375,2.1052631578947,0.52631578947368,0.09025,0.4,0.1805,0
0,0,0,1,1
0,123,0.2375,2.1052631578947,0.55401662049861,0.0857375,0.42105263157895,0.171475,0
0,123,0.2375,2.1052631578947,0.55401662049861,0.0857375,0.42105263157895,0.171475,0
0,0,0,1,1
64,123,0.2375,2,0.475,0.1,0.44321329639889,0.1805,0
64,123,0.2375,2,0.475,0.1,0.44321329639889,0.1805,0
0,0,0,1,1
0,123,0.225625,2.1052631578947,0.475,0.1,0.42105263157895,0.171475,0
0,123,0.225625,2.1052631578947,0.475,0.1,0.42105263157895,0.171475,0
0,0,0,1,1
64,123,0.2375,1.9,0.475,0.1,0.42105263157895,0.1805,0
64,123,0.2375,1.9,0.475,0.1,0.42105263157895,0.1805,0
0,0,0,1,1
0,123,0.25,2,0.475,0.1,0.44321329639889,0.19,0
0,123,0.25,2,0.475,0.1,0.44321329639889,0.19,0
0,0,0,1,1
64,123,0.2375,2.1052631578947,0.5,0.1,0.42105263157895,0.19,0
64,123,0.2375,2.1052631578947,0.5,0.1,0.42105263157895,0.19,0
0,0,0,1,1
64,123,0.225625,1.9,0.5,0.09025,0.4,0.19,0
64,123,0.225625,1.9,0.5,0.09025,0.4,0.19,0
0,0,0,1,1
64,123,0.2375,2,0.475,0.1,0.42105263157895,0.1805,0
64,123,0.2375,2,0.475,0.1,0.42105263157895,0.1805,0
0,0,0,1,1
64,123,0.25,2,0.475,0.095,0.4,0.2,0
64,123,0.25,2,0.475,0.095,0.4,0.2,0
0,0,0,1,1
0,123,0.25,1.9,0.475,0.09025,0.42105263157895,0.2,0
0,123,0.25,1.9,0.475,0.09025,0.42105263157895,0.2,0
0,0,0,1,1
11,124,0.26315789473684,1.9,0.475,0.1,0.44321329639889,0.22160664819944,0
11,124,0.26315789473684,1.9,0.475,0.1,0.44321329639889,0.22160664819944,0
0,0,0,1,1
0,124,0.26315789473684,2.1052631578947,0.475,0.10526315789474,0.38,0.21052631578947,8
61,500003,-1.3856013672292,0,547
62,500005,0.89107943968017,0,548
61,123,-1.6323868847509,1,549
123,500003,-1.3856013672292,1,550
123,124,1,1,1552
124,500003,-1.3856013672292,1,1553
62,124,1,1,1572
124,500005,0.89107943968017,1,1573
0,124,0.26315789473684,2.1052631578947,0.475,0.10526315789474,0.38,0.21052631578947,8
61,500003,-1.3856013672292,0,547
62,500005,0.89107943968017,0,548
61,123,-1.6323868847509,1,549
123,500003,-1.3856013672292,1,550
123,124,1,1,1552
124,500003,-1.3856013672292,1,1553
62,124,1,1,1572
124,500005,0.89107943968017,1,1573
0,0,0,1,1
0,124,0.25,1.805,0.475,0.095,0.44321329639889,0.21052631578947,8
61,500003,-1.3856013672292,1,547
62,500005,0.89107943968017,1,548
61,123,-1.6776024658956,1,549
123,500003,-1.4240150151066,0,550
123,124,1,1,1564
124,500003,-1.3856013672292,1,1565
62,124,1,1,1572
124,500005,0.89107943968017,1,1573
0,124,0.25,1.805,0.475,0.095,0.44321329639889,0.21052631578947,8
61,500003,-1.3856013672292,1,547
62,500005,0.89107943968017,1,548
61,123,-1.6776024658956,1,549
123,500003,-1.4240150151066,0,550
123,124,1,1,1564
124,500003,-1.3856013672292,1,1565
62,124,1,1,1572
124,500005,0.89107943968017,1,1573
0,0,0,1,1
33,123,0.25,2,0.475,0.09025,0.38,0.19,0
33,123,0.25,2,0.475,0.09025,0.38,0.19,0
0,0,0,1,1
33,123,0.26315789473684,1.9,0.45125,0.095,0.38,0.2,0
33,123,0.26315789473684,1.9,0.45125,0.095,0.38,0.2,0
0,0,0,1,1
0,123,0.26315789473684,1.805,0.45125,0.09025,0.38,0.2,0
0,123,0.26315789473684,1.805,0.45125,0.09025,0.38,0.2,0
0,0,0,1,1
33,123,0.26315789473684,2.1052631578947,0.5,0.09025,0.361,0.19,0
33,123,0.26315789473684,2.1052631578947,0.5,0.09025,0.361,0.19,0
0,0,0,1,1
33,122,0.27700831024931,2,0.475,0.1,0.4,0.2,0
33,122,0.27700831024931,2,0.475,0.1,0.4,0.2,0
0,0,0,1,1
0,122,0.29158769499927,2,0.5,0.0857375,0.4,0.21052631578947,0
0,122,0.29158769499927,2,0.5,0.0857375,0.4,0.21052631578947,0
0,0,0,1,1
33,123,0.26315789473684,2,0.45125,0.1,0.38,0.19,0
33,123,0.26315789473684,2,0.45125,0.1,0.38,0.19,0
0,0,0,1,1
16,124,0.26315789473684,2.2160664819944,0.52631578947368,0.1,0.42105263157895,0.21052631578947,0
16,124,0.26315789473684,2.2160664819944,0.52631578947368,0.1,0.42105263157895,0.21052631578947,0
0,0,0,1,1
8,124,0.2375,2,0.55401662049861,0.095,0.4,0.19,0
8,124,0.2375,2,0.55401662049861,0.095,0.4,0.19,0
