3,2238,199,1,301,101,198
80,67,2,1,1
80,122,0.2375,1.9,0.5,0.10526315789474,0.38,0.21052631578947,2
77,500003,0.78939176610614,1,491
70,500002,1.5310975580374,0,492
67,122,0.2375,1.71475,0.45125,0.11080332409973,0.38,0.19,2
77,500003,0.78939176610614,1,491
70,500002,1.5310975580374,1,492
80,160,1,1,2
80,123,0.225625,1.805,0.475,0.1,0.4,0.2,4
77,500003,0.78939176610614,1,491
70,500002,1.5310975580374,0,492
77,123,1,1,1133
123,500003,0.78939176610614,1,1134
80,123,0.225625,1.71475,0.45125,0.095,0.38,0.19,4
77,500003,0.78939176610614,1,491
70,500002,1.5310975580374,0,492
77,123,1,0,1133
123,500003,0.78939176610614,1,1134
80,124,0.2375,1.9,0.5,0.095,0.42105263157895,0.21052631578947,6
77,500003,0.78939176610614,0,491
70,500002,1.5310975580374,0,492
77,123,1,1,1133
123,500003,0.78939176610614,1,1134
77,124,1,1,1632
124,500003,0.78939176610614,1,1633
80,214,1,1,3
80,123,0.25,1.805,0.52631578947368,0.1,0.361,0.19,4
77,500003,0.78939176610614,0,491
70,500002,1.5310975580374,0,492
77,123,0.99132358775597,1,1195
123,500003,0.78939176610614,1,1196
67,124,0.2375,1.805,0.55401662049861,0.1,0.361,0.2,6
77,500003,0.78939176610614,0,491
70,500002,1.5310975580374,1,492
77,123,0.99132358775597,1,1195
123,500003,0.78939176610614,1,1196
123,124,1,1,1640
124,500003,0.78939176610614,1,1641
67,124,0.2375,1.9,0.5,0.095,0.361,0.19,6
77,500003,0.78939176610614,0,491
70,500002,1.5310975580374,1,492
77,123,0.99132358775597,1,1195
123,500003,0.78939176610614,1,1196
77,124,1,1,1643
124,500003,0.78939176610614,0,1644
80,124,0.26315789473684,1.71475,0.52631578947368,0.095,0.38,0.2,6
77,500003,0.78939176610614,0,491
70,500002,1.5310975580374,0,492
77,123,0.99132358775597,1,1195
123,500003,0.78939176610614,1,1196
77,124,1,1,1647
124,500003,0.78939176610614,0,1648
80,146,1,1,3
80,123,0.225625,2,0.52631578947368,0.1,0.361,0.19,4
77,500003,1.6467177343059,1,167
64,500004,1.9973143711661,0,168
64,123,1,0,888
123,500004,1.9973143711661,1,889
73,124,0.225625,1.9,0.55401662049861,0.1,0.34295,0.2,6
77,500003,1.6467177343059,1,167
64,500004,1.9973143711661,1,168
64,123,1,0,888
123,500004,1.9973143711661,1,889
64,124,1,1,1651
124,123,1,1,1652
73,124,0.2375,2.1052631578947,0.55401662049861,0.10526315789474,0.34295,0.19,6
77,500003,1.6467177343059,1,167
64,500004,1.9973143711661,1,168
64,123,1,0,888
123,500004,1.9973143711661,0,889
64,124,1,1,1659
124,123,1,1,1660
0,123,0.2375,2.1052631578947,0.5,0.10526315789474,0.38,0.19,4
77,500003,1.6467177343059,0,167
64,500004,1.9973143711661,0,168
64,123,1,0,888
123,500004,1.9973143711661,1,889
80,160,1,1,2
80,123,0.25,1.805,0.475,0.11080332409973,0.38,0.2,4
77,500003,0.89370927290116,1,491
70,500002,1.5310975580374,0,492
77,123,1,1,1177
123,500003,0.78939176610614,1,1178
80,124,0.2375,1.9,0.5,0.10526315789474,0.38,0.2,6
77,500003,0.89370927290116,1,491
70,500002,1.5310975580374,0,492
77,123,1,0,1177
123,500003,0.78939176610614,1,1178
77,124,1,1,1666
124,123,1,1,1667
80,124,0.25,1.805,0.45125,0.10526315789474,0.38,0.21052631578947,6
77,500003,0.89370927290116,1,491
70,500002,1.5310975580374,0,492
77,123,1,1,1177
123,500003,0.78939176610614,0,1178
123,124,1,1,1671
124,500003,0.78939176610614,1,1672
80,80,1,1,2
80,123,0.225625,2,0.52631578947368,0.11080332409973,0.4,0.1805,4
77,500003,1.6467177343059,0,167
64,500004,1.9973143711661,0,168
77,123,1,1,952
123,500003,1.6467177343059,1,953
80,123,0.2375,2,0.5,0.11080332409973,0.42105263157895,0.171475,4
77,500003,1.6467177343059,0,167
64,500004,1.9973143711661,0,168
77,123,1,1,952
123,500003,1.6467177343059,1,953
0,124,0.225625,2,0.52631578947368,0.11080332409973,0.42105263157895,0.19,6
77,500003,1.6467177343059,0,167
64,500004,1.9973143711661,0,168
77,123,1,0,952
123,500003,1.6467177343059,1,953
123,124,1,1,1680
124,500003,1.6467177343059,1,1681
80,233,1,1,3
80,123,0.2375,1.805,0.52631578947368,0.11080332409973,0.4,0.2,4
77,500003,1.6467177343059,1,167
64,500004,1.9973143711661,0,168
64,123,1,0,982
123,500004,1.9973143711661,1,983
80,124,0.2375,1.805,0.55401662049861,0.11663507799972,0.38,0.2,6
77,500003,1.6467177343059,1,167
64,500004,1.9973143711661,0,168
64,123,1,0,982
123,500004,1.9973143711661,1,983
64,124,1,1,1686
124,500004,1.9973143711661,0,1687
73,123,0.225625,1.805,0.5,0.11663507799972,0.42105263157895,0.19,4
77,500003,1.6467177343059,1,167
64,500004,1.9973143711661,0,168
64,123,1,1,982
123,500004,1.9973143711661,1,983
80,123,0.25,1.71475,0.5,0.11080332409973,0.42105263157895,0.21052631578947,4
77,500003,1.6467177343059,1,167
64,500004,1.9973143711661,0,168
64,123,1,0,982
123,500004,1.9973143711661,1,983
80,227,1,1,3
80,123,0.25,2,0.52631578947368,0.10526315789474,0.38,0.21052631578947,4
77,500003,0.78939176610614,0,491
70,500002,1.5310975580374,0,492
77,123,1,1,1076
123,500003,0.78939176610614,1,1077
80,124,0.25,1.9,0.52631578947368,0.11080332409973,0.4,0.21052631578947,6
77,500003,0.78939176610614,0,491
70,500002,1.5875255212093,0,492
77,123,1,1,1076
123,500003,0.78939176610614,1,1077
70,124,1,1,1696
124,500002,1.5310975580374,0,1697
80,123,0.26315789473684,2.1052631578947,0.5,0.1,0.4,0.22160664819944,4
77,500003,0.78939176610614,0,491
70,500002,1.5310975580374,0,492
77,123,1,1,1076
123,500003,0.78939176610614,1,1077
67,124,0.2375,2.1052631578947,0.52631578947368,0.10526315789474,0.38,0.2,6
77,500003,0.78939176610614,0,491
70,500002,1.5310975580374,1,492
77,123,1,0,1076
123,500003,0.78939176610614,1,1077
77,124,1,1,1704
124,123,1,1,1705
80,320,1,1,4
80,123,0.2375,1.9,0.52631578947368,0.11080332409973,0.361,0.19,4
77,500003,0.78939176610614,1,491
70,500002,1.5310975580374,0,492
70,123,1,1,1098
123,500002,1.5310975580374,0,1099
80,124,0.225625,1.9,0.52631578947368,0.10526315789474,0.38,0.19,6
77,500003,0.78939176610614,1,491
70,500002,1.5310975580374,0,492
70,123,0.96897070704961,1,1098
123,500002,1.5310975580374,0,1099
70,124,1,1,1708
124,500002,1.5310975580374,0,1709
80,123,0.2375,1.9,0.52631578947368,0.11663507799972,0.361,0.1805,4
77,500003,0.78939176610614,1,491
70,500002,1.5310975580374,0,492
70,123,1,1,1098
123,500002,1.5310975580374,0,1099
80,123,0.2375,1.805,0.5,0.11080332409973,0.361,0.2,4
77,500003,0.78939176610614,1,491
70,500002,1.5310975580374,0,492
70,123,1,1,1098
123,500002,1.5310975580374,0,1099
80,123,0.2375,1.805,0.5,0.11080332409973,0.34295,0.1805,4
77,500003,0.78939176610614,1,491
70,500002,1.5310975580374,0,492
70,123,1,1,1098
123,500002,1.5310975580374,0,1099
80,147,1,1,4
80,123,0.25,2,0.52631578947368,0.11080332409973,0.4,0.2,4
77,500003,0.78939176610614,1,491
70,500002,1.5310975580374,0,492
70,123,1,0,1173
123,500002,1.5310975580374,0,1174
0,123,0.25,2,0.5,0.10526315789474,0.42105263157895,0.2,4
77,500003,0.78939176610614,0,491
70,500002,1.5310975580374,0,492
70,123,1,0,1173
123,500002,1.5310975580374,1,1174
67,124,0.2375,2.1052631578947,0.5,0.10526315789474,0.42105263157895,0.19,6
77,500003,0.78939176610614,0,491
70,500002,1.5310975580374,1,492
70,123,1,1,1173
123,500002,1.5310975580374,1,1174
77,124,1,1,1720
124,500003,0.78939176610614,1,1721
80,124,0.25,2,0.55401662049861,0.11663507799972,0.4,0.2,6
77,500003,0.78939176610614,1,491
70,500002,1.5310975580374,0,492
70,123,1,0,1173
123,500002,1.5310975580374,0,1174
123,124,1,1,1724
124,500002,1.5310975580374,0,1725
0,123,0.26315789473684,2.1052631578947,0.52631578947368,0.10526315789474,0.38,0.21052631578947,4
77,500003,0.78939176610614,0,491
70,500002,1.5310975580374,1,492
70,123,1,0,1173
123,500002,1.5310975580374,1,1174
80,134,1,1,4
80,123,0.225625,2,0.5,0.10526315789474,0.4,0.19,4
77,500003,0.78939176610614,0,491
70,500002,1.5310975580374,0,492
77,123,1,1,1060
123,500003,0.78939176610614,1,1061
67,123,0.2375,2,0.52631578947368,0.1,0.4,0.19,4
77,500003,0.78939176610614,0,491
70,500002,1.5310975580374,1,492
77,123,1,1,1060
123,500003,0.78939176610614,1,1061
0,124,0.225625,2.1052631578947,0.52631578947368,0.1,0.42105263157895,0.1805,6
77,500003,0.78939176610614,0,491
70,500002,1.5310975580374,0,492
77,123,1,0,1060
123,500003,0.78939176610614,1,1061
70,124,1,1,1732
124,500002,1.5310975580374,1,1733
0,123,0.2375,1.9,0.52631578947368,0.10526315789474,0.4,0.19,4
77,500003,0.78939176610614,0,491
70,500002,1.5310975580374,0,492
77,123,1,0,1060
123,500003,0.78939176610614,1,1061
67,124,0.225625,2,0.5,0.1,0.38,0.19,6
77,500003,0.78939176610614,1,491
70,500002,1.5310975580374,1,492
77,123,1,1,1060
123,500003,0.78939176610614,0,1061
123,124,1,0,1738
124,500003,0.78939176610614,1,1739
80,227,1,1,4
80,123,0.225625,1.805,0.475,0.11080332409973,0.38,0.19,4
77,500003,0.78939176610614,1,491
70,500002,1.5310975580374,0,492
70,123,1,1,1153
123,500002,1.5310975580374,0,1154
80,123,0.225625,1.9,0.475,0.11080332409973,0.4,0.19,4
77,500003,0.78939176610614,1,491
70,500002,1.5310975580374,0,492
70,123,1,0,1153
123,500002,1.5310975580374,0,1154
67,124,0.2375,1.9,0.475,0.11080332409973,0.4,0.1805,6
77,500003,0.78939176610614,1,491
70,500002,1.5310975580374,0,492
70,123,0.94173247237884,1,1153
123,500002,1.5310975580374,1,1154
70,124,1,1,1744
124,500002,1.5310975580374,0,1745
0,123,0.225625,1.71475,0.45125,0.11663507799972,0.38,0.19,4
77,500003,0.78939176610614,0,491
70,500002,1.5310975580374,0,492
70,123,1,1,1153
123,500002,1.5310975580374,1,1154
80,124,0.225625,1.71475,0.5,0.11663507799972,0.4,0.1805,6
77,500003,0.78939176610614,1,491
70,500002,1.5310975580374,0,492
70,123,1,0,1153
123,500002,1.5310975580374,0,1154
70,124,1,1,1750
124,123,1,1,1751
80,240,1,1,3
80,123,0.225625,2,0.475,0.1,0.38,0.2,4
77,500003,0.78939176610614,1,491
70,500002,1.5310975580374,0,492
70,123,1,1,1068
123,500002,1.5310975580374,0,1069
80,123,0.225625,2,0.45125,0.10526315789474,0.4,0.21052631578947,4
77,500003,0.78939176610614,1,491
70,500002,1.5310975580374,0,492
70,123,1,1,1068
123,500002,1.5276762725014,0,1069
80,124,0.2375,2,0.45125,0.095,0.38,0.2,6
77,500003,0.78939176610614,1,491
70,500002,1.5310975580374,0,492
70,123,1,0,1068
123,500002,1.5310975580374,0,1069
70,124,1,1,1758
124,123,1,0,1759
80,123,0.21434375,1.9,0.45125,0.10526315789474,0.4,0.2,4
77,500003,0.78939176610614,1,491
70,500002,1.5310975580374,0,492
70,123,1,0,1068
123,500002,1.5310975580374,0,1069
80,80,1,1,3
80,123,0.2375,1.9,0.475,0.1,0.38,0.21052631578947,4
77,500003,0.78939176610614,1,491
70,500002,1.5310975580374,0,492
70,123,1,1,1163
123,500002,1.5310975580374,0,1164
0,124,0.25,2,0.475,0.1,0.4,0.21052631578947,6
77,500003,0.78939176610614,0,491
70,500002,1.5310975580374,0,492
70,123,1,0,1163
123,500002,1.5310975580374,0,1164
70,124,1,1,1764
124,123,1,1,1765
0,123,0.25,1.9,0.5,0.095,0.38,0.22160664819944,4
77,500003,0.78939176610614,0,491
70,500002,1.5310975580374,0,492
70,123,1,1,1163
123,500002,1.5554078397232,0,1164
80,123,0.25,2,0.475,0.1,0.38,0.2,4
77,500003,0.78939176610614,1,491
70,500002,1.5310975580374,0,492
70,123,1,1,1163
123,500002,1.5310975580374,0,1164
80,214,1,1,3
80,123,0.2375,2,0.475,0.10526315789474,0.4,0.21052631578947,4
77,500003,0.78939176610614,0,491
70,500002,1.8345896786401,0,492
77,123,1,1,1169
123,500003,0.78939176610614,1,1170
80,123,0.225625,1.9,0.45125,0.1,0.4,0.2,4
77,500003,0.78939176610614,1,491
70,500002,1.8345896786401,0,492
77,123,1,1,1169
123,500003,0.78939176610614,0,1170
67,124,0.25,2.1052631578947,0.475,0.1,0.38,0.21052631578947,6
77,500003,0.78939176610614,0,491
70,500002,1.8345896786401,1,492
77,123,1,1,1169
123,500003,0.78939176610614,1,1170
77,124,1,1,1776
124,500003,0.78939176610614,0,1777
67,124,0.2375,2.1052631578947,0.475,0.10526315789474,0.38,0.2,6
77,500003,0.78939176610614,0,491
70,500002,1.8345896786401,1,492
77,123,1,0,1169
123,500003,0.78939176610614,1,1170
77,124,1,1,1780
124,123,1,1,1781
80,299,1,1,4
80,123,0.25,1.9,0.52631578947368,0.11080332409973,0.4,0.2,4
77,500003,1.6467177343059,1,167
64,500004,1.9973143711661,0,168
64,123,1,1,1022
123,500004,1.9973143711661,0,1023
80,123,0.2375,1.805,0.5,0.10526315789474,0.42105263157895,0.19,4
77,500003,1.6127136898003,1,167
64,500004,1.9973143711661,0,168
64,123,1,0,1022
123,500004,1.9973143711661,0,1023
73,124,0.26315789473684,1.805,0.55401662049861,0.10526315789474,0.4,0.2,6
77,500003,1.6467177343059,0,167
64,500004,1.9973143711661,1,168
64,123,1,1,1022
123,500004,1.9973143711661,1,1023
77,124,1,1,1788
124,500003,1.5629074823354,1,1789
73,123,0.25,2,0.52631578947368,0.10526315789474,0.38,0.2,4
77,500003,1.6467177343059,1,167
64,500004,1.9973143711661,1,168
64,123,1,1,1022
123,500004,1.9973143711661,1,1023
73,124,0.26315789473684,2,0.5,0.11663507799972,0.38,0.21052631578947,6
77,500003,1.6467177343059,0,167
64,500004,1.9973143711661,1,168
64,123,1,1,1022
123,500004,1.9973143711661,0,1023
77,124,1,1,1794
124,500003,1.6467177343059,1,1795
80,134,1,1,3
80,123,0.225625,2,0.52631578947368,0.1,0.4,0.2,4
77,500003,0.78939176610614,1,491
70,500002,1.5310975580374,0,492
70,123,1,1,1220
123,500002,1.5310975580374,0,1221
0,124,0.225625,1.9,0.55401662049861,0.095,0.38,0.19,6
77,500003,0.78939176610614,0,491
70,500002,1.5310975580374,0,492
70,123,1,0,1220
123,500002,1.5310975580374,1,1221
70,124,1,1,1798
124,123,1,1,1799
67,124,0.225625,1.9,0.52631578947368,0.1,0.38,0.19,6
77,500003,0.78939176610614,0,491
70,500002,1.5310975580374,0,492
70,123,1,1,1220
123,500002,1.5310975580374,1,1221
77,124,1,1,1802
124,500003,0.78939176610614,1,1803
67,124,0.21434375,2.1052631578947,0.5,0.1,0.38,0.19,6
77,500003,0.78939176610614,1,491
70,500002,1.5310975580374,1,492
70,123,1,1,1220
123,500002,1.5310975580374,1,1221
70,124,1,1,1807
124,500002,1.5310975580374,0,1808
101,146,2,1,2
80,122,0.2375,2,0.55401662049861,0.1,0.38,0.2,2
77,500003,1.6467177343059,1,167
64,500004,0.50483718375195,0,168
73,122,0.2375,2,0.475,0.10526315789474,0.38,0.19,2
77,500003,1.6467177343059,1,167
64,500004,1.9973143711661,1,168
73,122,0.225625,2.1052631578947,0.5,0.11080332409973,0.42105263157895,0.19,2
77,500003,1.6467177343059,1,167
64,500004,1.9125422366449,1,168
80,160,0,0,2
73,123,0.2375,1.9,0.55401662049861,0.10526315789474,0.4,0.19,4
77,500003,1.6467177343059,1,167
64,500004,1.9973143711661,0,168
64,123,1,1,970
123,500004,1.9973143711661,1,971
80,124,0.225625,2,0.52631578947368,0.11080332409973,0.38,0.19,6
77,500003,1.6467177343059,0,167
64,500004,1.9973143711661,0,168
64,123,1,0,970
123,500004,1.9973143711661,1,971
77,124,1,1,1828
124,500003,1.6467177343059,1,1829
80,123,0.225625,1.805,0.58317538999854,0.1,0.38,0.1805,4
77,500003,1.6467177343059,1,167
64,500004,1.9973143711661,0,168
64,123,1,1,970
123,500004,1.9973143711661,0,971
73,219,1,1,3
73,123,0.225625,1.805,0.55401662049861,0.11080332409973,0.4,0.1805,4
77,500003,1.6467177343059,1,167
64,500004,1.9973143711661,1,168
64,123,1,1,906
123,500004,1.9973143711661,1,907
73,123,0.2375,1.805,0.55401662049861,0.11663507799972,0.42105263157895,0.1805,4
77,500003,1.6467177343059,1,167
64,500004,1.9973143711661,0,168
64,123,1,1,906
123,500004,1.9973143711661,1,907
73,124,0.225625,1.71475,0.52631578947368,0.11080332409973,0.42105263157895,0.1805,6
77,500003,1.6467177343059,1,167
64,500004,1.9973143711661,1,168
64,123,1.0810253745767,1,906
123,500004,1.9973143711661,0,907
123,124,1,1,1840
124,500004,1.9973143711661,1,1841
73,124,0.21434375,1.9,0.55401662049861,0.11663507799972,0.42105263157895,0.171475,6
77,500003,1.6467177343059,1,167
64,500004,1.9973143711661,0,168
64,123,1,1,906
123,500004,1.9973143711661,1,907
64,124,1,1,1844
124,500004,1.9973143711661,1,1845
80,299,0,0,4
73,123,0.225625,1.9,0.55401662049861,0.11080332409973,0.38,0.1805,4
77,500003,1.6467177343059,1,167
64,500004,1.9973143711661,0,168
64,123,1,1,1044
123,500004,1.9973143711661,1,1045
73,124,0.2375,1.9,0.52631578947368,0.11080332409973,0.4,0.171475,6
77,500003,1.6467177343059,1,167
64,500004,1.9973143711661,0,168
64,123,0.9472985074589,1,1044
123,500004,1.9973143711661,0,1045
123,124,1,1,1848
124,500004,1.9973143711661,1,1849
73,124,0.225625,1.805,0.58317538999854,0.11080332409973,0.361,0.1805,6
77,500003,1.6467177343059,1,167
64,500004,1.9973143711661,0,168
64,123,1,0,1044
123,500004,1.9973143711661,1,1045
64,124,1,1,1852
124,123,1,1,1853
80,124,0.21434375,1.9,0.52631578947368,0.10526315789474,0.4,0.19,6
77,500003,1.6467177343059,1,167
64,500004,1.9973143711661,0,168
64,123,1,1,1044
123,500004,1.9973143711661,0,1045
64,124,1,1,1855
124,500004,1.9973143711661,0,1856
73,124,0.21434375,2,0.52631578947368,0.11080332409973,0.38,0.171475,6
77,500003,1.6467177343059,1,167
64,500004,1.9973143711661,0,168
64,123,1,1,1044
123,500004,1.9973143711661,0,1045
123,124,1,1,1859
124,500004,1.9973143711661,1,1860
80,299,0,0,4
73,123,0.25,1.805,0.55401662049861,0.10526315789474,0.4,0.2,4
77,500003,1.6467177343059,1,167
64,500004,1.9973143711661,0,168
64,123,1,1,964
123,500004,1.9973143711661,1,965
73,124,0.2375,1.71475,0.58317538999854,0.11080332409973,0.42105263157895,0.2,6
77,500003,1.6467177343059,1,167
64,500004,1.9973143711661,1,168
64,123,1,0,964
123,500004,1.9973143711661,1,965
64,124,1,1,1863
124,123,1,1,1864
73,124,0.26315789473684,1.71475,0.52631578947368,0.1,0.38,0.2,6
77,500003,1.6467177343059,1,167
64,500004,1.9973143711661,1,168
64,123,1,1,964
123,500004,1.9973143711661,0,965
123,124,1,1,1866
124,500004,1.9973143711661,1,1867
80,123,0.2375,1.71475,0.52631578947368,0.10526315789474,0.4,0.21052631578947,4
77,500003,1.6467177343059,1,167
64,500004,1.9973143711661,0,168
64,123,1,1,964
123,500004,1.9973143711661,0,965
73,124,0.25,1.9,0.55401662049861,0.11080332409973,0.42105263157895,0.21052631578947,6
77,500003,1.6467177343059,1,167
64,500004,1.9973143711661,0,168
64,123,1,1,964
123,500004,1.9973143711661,1,965
123,124,1,1,1872
124,500004,1.9973143711661,0,1873
73,73,1,1,2
73,123,0.25,2,0.5,0.11080332409973,0.4,0.19,4
77,500003,1.6467177343059,1,167
64,500004,1.9973143711661,1,168
64,123,1,1,892
123,500004,1.9973143711661,1,893
73,123,0.26315789473684,2,0.475,0.11663507799972,0.38,0.19,4
77,500003,1.6467177343059,1,167
64,500004,1.9973143711661,1,168
64,123,1,1,892
123,500004,1.9973143711661,1,893
0,124,0.26315789473684,2.1052631578947,0.52631578947368,0.11080332409973,0.38,0.2,6
77,500003,1.5742476870394,0,167
64,500004,1.9973143711661,0,168
64,123,1,1,892
123,500004,1.9973143711661,1,893
64,124,1,1,1882
124,500004,1.9973143711661,1,1883
73,146,1,1,3
73,123,0.25,2,0.55401662049861,0.11080332409973,0.38,0.1805,4
77,500003,1.5603562702053,1,167
64,500004,1.9973143711661,0,168
64,123,1,1,998
123,500004,1.9973143711661,1,999
73,123,0.2375,2,0.58317538999854,0.11663507799972,0.38,0.19,4
77,500003,1.5603562702053,1,167
64,500004,1.9973143711661,0,168
64,123,1,1,998
123,500004,1.9973143711661,1,999
73,123,0.2375,2.1052631578947,0.55401662049861,0.11663507799972,0.361,0.1805,4
77,500003,1.5603562702053,1,167
64,500004,1.9973143711661,0,168
64,123,1,1,998
123,500004,1.9973143711661,1,999
0,124,0.25,1.9,0.55401662049861,0.11080332409973,0.4,0.1805,6
77,500003,1.5603562702053,0,167
64,500004,1.9973143711661,0,168
64,123,1,0,998
123,500004,1.9973143711661,1,999
64,124,1,1,1892
124,123,1,1,1893
73,292,1,1,4
73,123,0.225625,2,0.5,0.11080332409973,0.38,0.19,4
77,500003,1.6467177343059,1,167
64,500004,1.9973143711661,1,168
77,123,1,1,928
123,500003,1.6467177343059,1,929
73,123,0.2375,2,0.5,0.11663507799972,0.38,0.19,4
77,500003,1.6467177343059,1,167
64,500004,1.9973143711661,1,168
77,123,1,1,928
123,500003,1.6467177343059,1,929
73,124,0.225625,2.1052631578947,0.475,0.11663507799972,0.38,0.1805,6
77,500003,1.6467177343059,1,167
64,500004,1.9973143711661,0,168
77,123,1,1,928
123,500003,1.5472395848001,0,929
64,124,1,1,1899
124,500004,1.9973143711661,1,1900
73,123,0.2375,2.1052631578947,0.475,0.11080332409973,0.361,0.19,4
77,500003,1.6467177343059,1,167
64,500004,2.07988173359,1,168
77,123,1,1,928
123,500003,1.6467177343059,1,929
73,123,0.2375,2,0.5,0.10526315789474,0.38,0.2,4
77,500003,1.6467177343059,1,167
64,500004,1.9973143711661,1,168
77,123,1,1,928
123,500003,1.5969083143664,1,929
73,219,1,1,4
73,123,0.225625,1.9,0.52631578947368,0.1,0.38,0.19,4
77,500003,1.6467177343059,0,167
64,500004,1.9973143711661,1,168
77,123,1,1,1018
123,500003,1.6467177343059,1,1019
73,124,0.2375,2,0.52631578947368,0.10526315789474,0.4,0.2,6
77,500003,1.6467177343059,0,167
64,500004,1.9973143711661,1,168
77,123,1,1,1018
123,500003,1.6467177343059,1,1019
77,124,1,1,1907
124,500003,1.6467177343059,0,1908
0,123,0.21434375,2,0.52631578947368,0.095,0.361,0.1805,4
77,500003,1.6467177343059,0,167
64,500004,1.9973143711661,1,168
77,123,1,1,1018
123,500003,1.6467177343059,0,1019
73,123,0.2375,1.805,0.55401662049861,0.095,0.4,0.2,4
77,500003,1.6467177343059,0,167
64,500004,1.9973143711661,1,168
77,123,1,1,1018
123,500003,1.6467177343059,1,1019
73,124,0.21434375,1.9,0.55401662049861,0.1,0.361,0.2,6
77,500003,1.6467177343059,0,167
64,500004,1.9973143711661,0,168
77,123,1,1,1018
123,500003,1.6467177343059,1,1019
64,124,1,1,1915
124,500004,1.9973143711661,1,1916
73,292,1,1,4
73,123,0.25,1.9,0.52631578947368,0.1,0.4,0.19,4
77,500003,1.6467177343059,1,167
64,500004,1.9973143711661,1,168
77,123,1,1,1026
123,500003,1.6467177343059,1,1027
73,123,0.25,1.805,0.52631578947368,0.095,0.38,0.1805,4
77,500003,1.6467177343059,1,167
64,500004,1.9973143711661,1,168
77,123,1.3475142674032,1,1026
123,500003,1.6467177343059,0,1027
73,123,0.26315789473684,2,0.5,0.095,0.4,0.1805,4
77,500003,1.6467177343059,1,167
64,500004,1.9973143711661,1,168
77,123,1,1,1026
123,500003,1.6467177343059,1,1027
73,123,0.25,2,0.55401662049861,0.1,0.4,0.2,4
77,500003,1.6467177343059,1,167
64,500004,1.9973143711661,1,168
77,123,1,1,1026
123,500003,1.6467177343059,1,1027
73,123,0.2375,1.805,0.5,0.10526315789474,0.42105263157895,0.2,4
77,500003,1.7514026467579,1,167
64,500004,1.9973143711661,1,168
77,123,1,1,1026
123,500003,1.6467177343059,1,1027
80,153,0,0,2
73,123,0.225625,1.9,0.55401662049861,0.11080332409973,0.361,0.2,4
77,500003,1.6467177343059,1,167
64,500004,1.9973143711661,0,168
64,123,1,1,994
123,500004,1.9973143711661,1,995
80,123,0.225625,1.805,0.58317538999854,0.10526315789474,0.38,0.2,4
77,500003,1.6467177343059,1,167
64,500004,1.9973143711661,0,168
64,123,1,0,994
123,500004,1.9973143711661,1,995
73,124,0.21434375,2,0.58317538999854,0.11663507799972,0.361,0.21052631578947,6
77,500003,1.6467177343059,1,167
64,500004,1.9973143711661,0,168
64,123,1,1,994
123,500004,1.9973143711661,0,995
123,124,1,1,1932
124,500004,1.9973143711661,1,1933
73,219,1,1,3
73,123,0.25,1.805,0.55401662049861,0.10526315789474,0.4,0.2,4
77,500003,1.6467177343059,0,167
64,500004,1.9973143711661,1,168
77,123,1,1,896
123,500003,1.6467177343059,1,897
73,123,0.2375,1.9,0.58317538999854,0.1,0.38,0.2,4
77,500003,1.6467177343059,1,167
64,500004,1.9973143711661,1,168
77,123,1,1,896
123,500003,1.6467177343059,1,897
73,123,0.26315789473684,1.805,0.55401662049861,0.11080332409973,0.38,0.19,4
77,500003,1.6467177343059,1,167
64,500004,1.9973143711661,1,168
77,123,1,0,896
123,500003,1.6467177343059,1,897
73,123,0.26315789473684,1.71475,0.58317538999854,0.1,0.42105263157895,0.19,4
77,500003,1.6467177343059,1,167
64,500004,1.9973143711661,1,168
77,123,1,1,896
123,500003,1.6467177343059,1,897
80,226,0,0,3
73,123,0.225625,2,0.55401662049861,0.1,0.4,0.19,4
77,500003,1.6467177343059,0,167
64,500004,1.9973143711661,1,168
77,123,1.7980895413068,1,866
123,500003,1.6467177343059,1,867
80,123,0.2375,2.1052631578947,0.52631578947368,0.10526315789474,0.38,0.1805,4
77,500003,1.6467177343059,0,167
64,500004,1.9973143711661,0,168
77,123,1.7980895413068,1,866
123,500003,1.6467177343059,1,867
73,124,0.21434375,1.9,0.55401662049861,0.10526315789474,0.38,0.1805,6
77,500003,1.6467177343059,0,167
64,500004,1.9973143711661,1,168
77,123,1.7980895413068,1,866
123,500003,1.6467177343059,0,867
123,124,1,1,1945
124,500003,1.6467177343059,1,1946
73,124,0.2375,1.9,0.58317538999854,0.095,0.38,0.2,6
77,500003,1.6467177343059,0,167
64,500004,1.9973143711661,1,168
77,123,1.7980895413068,0,866
123,500003,1.6467177343059,1,867
77,124,1.0397517319254,1,1949
124,123,1.7980895413068,1,1950
73,219,1,1,3
73,123,0.25,1.9,0.55401662049861,0.11080332409973,0.361,0.2,4
77,500003,1.6467177343059,0,167
64,500004,1.9973143711661,1,168
77,123,1.091122689734,1,870
123,500003,1.6467177343059,1,871
73,124,0.26315789473684,1.805,0.58317538999854,0.11080332409973,0.34295,0.2,6
77,500003,1.6467177343059,1,167
64,500004,1.9973143711661,1,168
77,123,1.091122689734,0,870
123,500003,1.6467177343059,1,871
77,124,1,1,1955
124,123,1.091122689734,1,1956
73,124,0.25,2,0.52631578947368,0.11663507799972,0.38,0.19,6
77,500003,1.6467177343059,0,167
64,500004,1.9973143711661,0,168
77,123,1.091122689734,1,870
123,500003,1.6467177343059,1,871
64,124,1,1,1959
124,500004,1.9973143711661,1,1960
73,124,0.26315789473684,2,0.55401662049861,0.11080332409973,0.34295,0.2,6
77,500003,1.6467177343059,1,167
64,500004,1.9973143711661,1,168
77,123,1.091122689734,1,870
123,500003,1.6467177343059,1,871
77,124,1,1,1963
124,123,1.091122689734,0,1964
73,0,1,1,0
73,123,0.25,2,0.5,0.11080332409973,0.4,0.2,4
77,500003,1.6467177343059,1,167
64,500004,1.9973143711661,1,168
64,123,1,1,991
123,500004,1.9973143711661,1,992
80,226,0,0,3
73,123,0.2375,2,0.55401662049861,0.11080332409973,0.361,0.1805,4
77,500003,1.6467177343059,0,167
64,500004,1.9973143711661,1,168
77,123,1,1,942
123,500003,1.6467177343059,1,943
73,123,0.25,2,0.55401662049861,0.11663507799972,0.34295,0.171475,4
77,500003,1.6467177343059,0,167
64,500004,1.9973143711661,1,168
77,123,1,1,942
123,500003,1.6015508742107,1,943
80,124,0.225625,2,0.58317538999854,0.11663507799972,0.34295,0.19,6
77,500003,1.6467177343059,0,167
64,500004,1.9973143711661,0,168
77,123,1,1,942
123,500003,1.6467177343059,1,943
64,124,1,0,1978
124,500004,1.9973143711661,1,1979
73,123,0.225625,1.9,0.52631578947368,0.11080332409973,0.38,0.1805,4
77,500003,1.6467177343059,0,167
64,500004,1.9973143711661,1,168
77,123,1,1,942
123,500003,1.6467177343059,1,943
73,219,1,1,4
73,123,0.2375,1.9,0.52631578947368,0.10526315789474,0.38,0.1805,4
77,500003,1.6467177343059,0,167
64,500004,1.9973143711661,1,168
77,123,1,1,987
123,500003,1.6467177343059,1,988
73,124,0.25,1.9,0.5,0.1,0.361,0.171475,6
77,500003,1.6467177343059,0,167
64,500004,1.9973143711661,1,168
77,123,0.99959410382397,1,987
123,500003,1.6467177343059,0,988
123,124,1,1,1986
124,500003,1.6467177343059,1,1987
0,124,0.25,1.805,0.5,0.10526315789474,0.361,0.1805,6
77,500003,1.6467177343059,0,167
64,500004,1.9973143711661,1,168
77,123,1,1,987
123,500003,1.6467177343059,0,988
123,124,1,0,1990
124,500003,1.6467177343059,1,1991
73,124,0.2375,1.805,0.5,0.11080332409973,0.4,0.171475,6
77,500003,1.6467177343059,1,167
64,500004,1.9973143711661,1,168
77,123,1,0,987
123,500003,1.6467177343059,1,988
77,124,1,1,1993
124,123,1,1,1994
73,123,0.2375,2,0.5,0.1,0.38,0.19,4
77,500003,1.6467177343059,0,167
64,500004,1.9973143711661,1,168
77,123,0.92204046754356,1,987
123,500003,1.6467177343059,1,988
73,73,1,1,1
73,123,0.225625,1.9,0.52631578947368,0.10526315789474,0.38,0.1805,4
77,500003,1.6467177343059,1,167
64,500004,1.9973143711661,0,168
64,123,1,1,875
123,500004,1.9973143711661,1,876
73,123,0.2375,1.9,0.5,0.10526315789474,0.361,0.171475,4
77,500003,1.6467177343059,1,167
64,500004,1.9973143711661,0,168
64,123,1,1,875
123,500004,1.9973143711661,1,876
80,147,0,0,3
67,123,0.25,2,0.5,0.10526315789474,0.38,0.21052631578947,4
77,500003,0.78939176610614,1,491
70,500002,1.5310975580374,0,492
70,123,1,1,1123
123,500002,1.5104574082076,1,1124
0,123,0.2375,2,0.5,0.1,0.38,0.21052631578947,4
77,500003,0.78939176610614,0,491
70,500002,1.5310975580374,0,492
70,123,1,1,1123
123,500002,1.5104574082076,1,1124
67,124,0.25,2,0.52631578947368,0.1,0.4,0.22160664819944,6
77,500003,0.78939176610614,0,491
70,500002,1.5310975580374,0,492
70,123,1,1,1123
123,500002,1.5104574082076,1,1124
77,124,1,1,2009
124,500003,0.78939176610614,1,2010
80,123,0.25,2.1052631578947,0.475,0.11080332409973,0.361,0.21052631578947,4
77,500003,0.78939176610614,1,491
70,500002,1.5803769196544,0,492
70,123,1,1,1123
123,500002,1.5104574082076,0,1124
67,201,1,1,3
67,123,0.2375,1.805,0.52631578947368,0.1,0.38,0.2,4
77,500003,0.78939176610614,1,491
70,500002,1.5310975580374,0,492
70,123,1,1,1139
123,500002,1.5202116057073,1,1140
67,124,0.25,1.71475,0.52631578947368,0.10526315789474,0.38,0.21052631578947,6
77,500003,0.78939176610614,1,491
70,500002,1.5310975580374,0,492
70,123,1,1,1139
123,500002,1.5202116057073,1,1140
70,124,1,0,2015
124,500002,1.5310975580374,0,2016
67,124,0.225625,1.805,0.55401662049861,0.1,0.361,0.2,6
77,500003,0.78939176610614,1,491
70,500002,1.5310975580374,1,492
70,123,1,1,1139
123,500002,1.5202116057073,0,1140
123,124,1,1,2019
124,500002,1.5202116057073,1,2020
67,123,0.2375,1.9,0.55401662049861,0.1,0.361,0.21052631578947,4
77,500003,0.78939176610614,1,491
70,500002,1.5310975580374,1,492
70,123,1,1,1139
123,500002,1.5202116057073,1,1140
67,67,1,1,2
67,123,0.25,1.805,0.475,0.1,0.361,0.19,4
77,500003,0.78939176610614,1,491
70,500002,1.5310975580374,0,492
70,123,1,1,1199
123,500002,1.5310975580374,1,1200
0,123,0.2375,1.9,0.5,0.1,0.34295,0.19,4
77,500003,0.78939176610614,0,491
70,500002,1.5310975580374,0,492
70,123,1,1,1199
123,500002,1.6270752184885,1,1200
67,124,0.26315789473684,1.805,0.5,0.1,0.38,0.19,6
77,500003,0.78939176610614,0,491
70,500002,1.5310975580374,1,492
70,123,1,1,1199
123,500002,1.5310975580374,1,1200
77,124,1,1,2027
124,500003,0.78939176610614,1,2028
67,134,1,1,2
67,123,0.2375,2,0.475,0.10526315789474,0.361,0.21052631578947,4
77,500003,0.78939176610614,1,491
70,500002,1.5310975580374,0,492
70,123,1.0013460268916,1,1127
123,500002,1.5310975580374,1,1128
67,124,0.225625,1.9,0.5,0.10526315789474,0.34295,0.21052631578947,6
77,500003,0.78939176610614,0,491
70,500002,1.5310975580374,0,492
70,123,1.0013460268916,1,1127
123,500002,1.5310975580374,1,1128
77,124,1,1,2033
124,500003,0.78939176610614,1,2034
67,123,0.225625,2,0.5,0.1,0.361,0.22160664819944,4
77,500003,0.78939176610614,1,491
70,500002,1.5310975580374,1,492
70,123,1.0013460268916,1,1127
123,500002,1.5310975580374,1,1128
80,147,0,0,3
67,123,0.2375,1.805,0.5,0.11080332409973,0.38,0.21052631578947,4
77,500003,0.78939176610614,1,491
70,500002,1.5310975580374,1,492
70,123,0.95002403860989,0,1072
123,500002,1.5310975580374,0,1073
0,123,0.25,1.805,0.475,0.11663507799972,0.4,0.22160664819944,4
77,500003,0.78939176610614,0,491
70,500002,1.5310975580374,1,492
70,123,0.95002403860989,0,1072
123,500002,1.5310975580374,0,1073
67,124,0.25,1.71475,0.475,0.10526315789474,0.4,0.2,6
77,500003,0.78939176610614,1,491
70,500002,1.5310975580374,1,492
70,123,0.95002403860989,0,1072
123,500002,1.5310975580374,0,1073
70,124,1,1,2043
124,123,0.95002403860989,1,2044
80,123,0.2375,1.9,0.5,0.10526315789474,0.361,0.21052631578947,4
77,500003,0.78939176610614,1,491
70,500002,1.5310975580374,0,492
70,123,0.95002403860989,0,1072
123,500002,1.5310975580374,0,1073
67,134,1,1,2
67,123,0.2375,1.9,0.475,0.11080332409973,0.4,0.19,4
77,500003,0.78939176610614,1,491
70,500002,1.5310975580374,0,492
70,123,1,1,1181
123,500002,1.5310975580374,1,1182
67,123,0.25,2,0.45125,0.11080332409973,0.38,0.19,4
77,500003,0.78939176610614,1,491
70,500002,1.4341856507717,0,492
70,123,1,1,1181
123,500002,1.5310975580374,1,1182
67,124,0.225625,2,0.5,0.11080332409973,0.4,0.2,6
77,500003,0.78939176610614,0,491
70,500002,1.5310975580374,1,492
70,123,1,1,1181
123,500002,1.5310975580374,1,1182
77,124,1,1,2053
124,500003,0.78939176610614,1,2054
71,64,1,1,2
64,122,0.2375,2.1052631578947,0.52631578947368,0.1,0.42105263157895,0.19,2
88,500003,0.1242602313303,1,345
45,500001,-1.8058870204779,1,346
64,122,0.2375,1.9,0.5,0.095,0.38,0.1805,2
88,500003,0.1242602313303,1,345
45,500001,-1.7774860377819,0,346
0,122,0.26315789473684,2,0.52631578947368,0.1,0.4,0.1805,2
88,500003,0.1242602313303,0,345
45,500001,-1.7244788964507,0,346
64,128,1,1,2
64,123,0.2375,1.9,0.5,0.095,0.4,0.2,4
88,500003,0.1242602313303,1,345
45,500001,-1.7244788964507,1,346
88,123,1.0183088167974,1,1364
123,500003,0.1242602313303,1,1365
64,123,0.2375,1.9,0.475,0.1,0.42105263157895,0.2,4
88,500003,0.1242602313303,1,345
45,500001,-1.7244788964507,1,346
88,123,1.0183088167974,1,1364
123,500003,0.1242602313303,1,1365
64,124,0.225625,2,0.5,0.1,0.38,0.19,6
88,500003,0.1242602313303,1,345
45,500001,-1.7244788964507,1,346
88,123,1.0183088167974,1,1364
123,500003,0.1242602313303,1,1365
45,124,1,1,2065
124,500001,-1.7244788964507,0,2066
64,64,1,1,1
64,123,0.2375,2,0.475,0.09025,0.44321329639889,0.2,4
88,500003,0.1242602313303,0,345
45,500001,-1.7244788964507,1,346
88,123,1,1,1356
123,500003,0.1242602313303,1,1357
64,123,0.2375,2,0.475,0.0857375,0.44321329639889,0.21052631578947,4
88,500003,0.1242602313303,0,345
45,500001,-1.7244788964507,1,346
88,123,1,1,1356
123,500003,0.1242602313303,1,1357
64,128,1,1,2
64,123,0.25,2.1052631578947,0.52631578947368,0.1,0.42105263157895,0.2,4
88,500003,0.1242602313303,0,345
45,500001,-1.7244788964507,1,346
88,123,1,1,1287
123,500003,0.1242602313303,1,1288
64,123,0.26315789473684,2,0.52631578947368,0.095,0.4,0.2,4
88,500003,0.082983489486372,0,345
45,500001,-1.7244788964507,1,346
88,123,1,1,1287
123,500003,0.1242602313303,1,1288
64,123,0.26315789473684,2,0.52631578947368,0.095,0.44321329639889,0.19,4
88,500003,0.1242602313303,1,345
45,500001,-1.7244788964507,1,346
88,123,1,1,1287
123,500003,0.1242602313303,1,1288
64,128,1,1,2
64,123,0.225625,2,0.52631578947368,0.1,0.4,0.19,4
88,500003,0.1242602313303,0,345
45,500001,-1.7244788964507,1,346
88,123,1,1,1283
123,500003,0.1242602313303,1,1284
64,123,0.225625,2,0.55401662049861,0.10526315789474,0.42105263157895,0.1805,4
88,500003,0.1242602313303,1,345
45,500001,-1.7244788964507,1,346
88,123,1,1,1283
123,500003,0.1242602313303,1,1284
64,123,0.2375,2.1052631578947,0.5,0.1,0.4,0.19,4
88,500003,0.1242602313303,1,345
45,500001,-1.7244788964507,1,346
88,123,1,1,1283
123,500003,0.1242602313303,1,1284
64,192,1,1,3
64,123,0.25,2,0.475,0.1,0.42105263157895,0.1805,4
88,500003,0.1242602313303,0,345
45,500001,-1.7244788964507,0,346
88,123,1,1,1279
123,500003,0.1242602313303,1,1280
64,124,0.2375,1.9,0.475,0.095,0.44321329639889,0.1805,6
88,500003,0.1242602313303,0,345
45,500001,-1.7244788964507,0,346
88,123,1,1,1279
123,500003,0.1242602313303,0,1280
123,124,1,1,2088
124,500003,0.1242602313303,1,2089
64,124,0.26315789473684,1.9,0.45125,0.1,0.44321329639889,0.19,6
88,500003,0.053893704031493,0,345
45,500001,-1.7244788964507,0,346
88,123,1,1,1279
123,500003,0.1242602313303,1,1280
88,124,1,1,2092
124,500003,0.1242602313303,1,2093
64,123,0.2375,1.9,0.475,0.095,0.42105263157895,0.1805,4
88,500003,0.1242602313303,1,345
45,500001,-1.7244788964507,1,346
88,123,1,1,1279
123,500003,0.1242602313303,1,1280
64,192,1,1,3
64,123,0.2375,1.9,0.5,0.1,0.44321329639889,0.1805,4
88,500003,0.16299127170629,0,345
45,500001,-1.7244788964507,1,346
88,123,1,1,1290
123,500003,0.1242602313303,1,1291
64,123,0.25,2,0.475,0.095,0.42105263157895,0.19,4
88,500003,0.13966093935972,1,345
45,500001,-1.7244788964507,1,346
88,123,1,1,1290
123,500003,0.1242602313303,0,1291
64,123,0.225625,1.9,0.5,0.095,0.46654031199883,0.19,4
88,500003,0.16299127170629,0,345
45,500001,-1.812961363567,1,346
88,123,1,1,1290
123,500003,0.1242602313303,1,1291
64,123,0.25,1.805,0.475,0.1,0.42105263157895,0.1805,4
88,500003,0.16299127170629,0,345
45,500001,-1.7244788964507,1,346
88,123,1,1,1290
123,500003,0.1242602313303,1,1291
64,128,1,1,3
64,123,0.2375,1.9,0.52631578947368,0.09025,0.4,0.1805,4
88,500003,0.1242602313303,1,345
45,500001,-1.7244788964507,0,346
45,123,1,0,1296
123,500001,-1.7244788964507,1,1297
64,123,0.25,2,0.5,0.09025,0.42105263157895,0.1805,4
88,500003,0.1242602313303,1,345
45,500001,-1.7244788964507,0,346
45,123,1,1,1296
123,500001,-1.7567234336375,1,1297
0,124,0.25,1.9,0.5,0.095,0.38,0.171475,6
88,500003,0.1242602313303,0,345
45,500001,-1.7244788964507,0,346
45,123,1,0,1296
123,500001,-1.7244788964507,1,1297
88,124,1,1,2105
124,500003,0.1242602313303,0,2106
64,124,0.225625,2,0.5,0.095,0.4,0.1805,6
88,500003,0.1242602313303,1,345
45,500001,-1.7244788964507,0,346
45,123,1,0,1296
123,500001,-1.7244788964507,1,1297
45,124,1,1,2109
124,500001,-1.7244788964507,0,2110
64,128,1,1,2
64,123,0.2375,1.9,0.52631578947368,0.09025,0.4,0.19,4
88,500003,0.1242602313303,1,345
45,500001,-1.7244788964507,1,346
45,123,1,1,1326
123,500001,-1.7244788964507,1,1327
64,124,0.2375,1.9,0.52631578947368,0.0857375,0.38,0.1805,6
88,500003,0.1242602313303,1,345
45,500001,-1.7244788964507,1,346
45,123,1.0742821096683,1,1326
123,500001,-1.7244788964507,1,1327
45,124,1,1,2113
124,123,1,1,2114
64,123,0.2375,1.9,0.52631578947368,0.095,0.38,0.1805,4
88,500003,0.1242602313303,1,345
45,500001,-1.7244788964507,1,346
45,123,1,1,1326
123,500001,-0.54963835566271,1,1327
64,192,1,1,3
64,123,0.2375,2.1052631578947,0.475,0.095,0.4,0.19,4
88,500003,0.1242602313303,0,345
45,500001,-1.7244788964507,1,346
88,123,1,1,1302
123,500003,0.1242602313303,1,1303
64,123,0.2375,2.1052631578947,0.45125,0.095,0.4,0.19,4
88,500003,0.1242602313303,1,345
45,500001,-1.7244788964507,1,346
88,123,1,1,1302
123,500003,0.1242602313303,1,1303
64,123,0.25,2.2160664819944,0.5,0.09025,0.42105263157895,0.2,4
88,500003,0.1242602313303,0,345
45,500001,-1.7244788964507,1,346
88,123,1,1,1302
123,500003,0.1242602313303,1,1303
64,123,0.25,2.2160664819944,0.475,0.1,0.4,0.2,4
88,500003,0.1242602313303,0,345
45,500001,-1.7244788964507,0,346
88,123,1,1,1302
123,500003,0.1242602313303,1,1303
64,192,1,1,3
64,123,0.225625,2,0.52631578947368,0.1,0.42105263157895,0.19,4
88,500003,0.1242602313303,0,345
45,500001,-1.7244788964507,1,346
88,123,1,1,1360
123,500003,0.1242602313303,1,1361
64,124,0.225625,2.1052631578947,0.52631578947368,0.10526315789474,0.4,0.1805,6
88,500003,0.1242602313303,0,345
45,500001,-1.7244788964507,1,346
88,123,1,1,1360
123,500003,0.1242602313303,1,1361
88,124,1,1,2127
124,500003,0.1242602313303,0,2128
64,123,0.225625,2,0.52631578947368,0.10526315789474,0.4,0.2,4
88,500003,0.1242602313303,0,345
45,500001,-1.7244788964507,1,346
88,123,1,1,1360
123,500003,0.1242602313303,1,1361
64,124,0.2375,2,0.52631578947368,0.10526315789474,0.44321329639889,0.2,6
88,500003,0.1242602313303,0,345
45,500001,-1.7244788964507,1,346
88,123,1,1,1360
123,500003,0.1242602313303,0,1361
123,124,1,1,2133
124,500003,0.1242602313303,1,2134
64,128,1,1,2
64,123,0.2375,2.1052631578947,0.52631578947368,0.1,0.44321329639889,0.2,4
88,500003,0.1242602313303,1,345
45,500001,-1.7244788964507,0,346
45,123,1,1,1275
123,500001,-1.7244788964507,0,1276
64,124,0.25,2.2160664819944,0.5,0.095,0.44321329639889,0.2,6
88,500003,0.1242602313303,0,345
45,500001,-1.7244788964507,0,346
45,123,1.0529897457808,1,1275
123,500001,-1.7244788964507,1,1276
88,124,1,1,2137
124,500003,0.1242602313303,1,2138
64,123,0.225625,2.2160664819944,0.5,0.095,0.46654031199883,0.2,4
88,500003,0.1242602313303,1,345
45,500001,-1.7244788964507,0,346
45,123,1,1,1275
123,500001,-1.7244788964507,0,1276
64,128,1,1,3
64,123,0.2375,2,0.5,0.095,0.4,0.19,4
88,500003,0.16616901150548,0,345
45,500001,-1.7244788964507,1,346
88,123,1,1,1265
123,500003,0.1242602313303,1,1266
64,124,0.25,2,0.52631578947368,0.095,0.4,0.19,6
88,500003,0.16616901150548,0,345
45,500001,-1.7244788964507,0,346
88,123,1,1,1265
123,500003,0.16735190893277,1,1266
45,124,1,1,2146
124,500001,-1.7244788964507,1,2147
0,124,0.25,2,0.52631578947368,0.09025,0.4,0.2,6
88,500003,0.21818939024018,0,345
45,500001,-1.7244788964507,1,346
88,123,1,0,1265
123,500003,0.1242602313303,1,1266
88,124,1,1,2150
124,500003,0.16616901150548,0,2151
64,123,0.2375,2,0.52631578947368,0.095,0.38,0.2,4
88,500003,0.16616901150548,0,345
45,500001,-1.7244788964507,1,346
88,123,1,1,1265
123,500003,0.1242602313303,1,1266
64,192,1,1,3
64,123,0.225625,1.9,0.475,0.09025,0.44321329639889,0.19,4
88,500003,0.1242602313303,1,345
45,500001,-1.7244788964507,0,346
45,123,1,1,1346
123,500001,-1.7244788964507,1,1347
64,123,0.225625,1.805,0.5,0.09025,0.44321329639889,0.1805,4
88,500003,0.1242602313303,1,345
45,500001,-1.7244788964507,0,346
45,123,1,1,1346
123,500001,-1.7244788964507,1,1347
64,124,0.225625,1.805,0.45125,0.0857375,0.44321329639889,0.2,6
88,500003,0.1242602313303,1,345
45,500001,-1.7244788964507,1,346
45,123,1,1,1346
123,500001,-1.7244788964507,0,1347
123,124,1,1,2158
124,500001,-1.7244788964507,1,2159
64,124,0.21434375,1.9,0.45125,0.09025,0.44321329639889,0.19,6
88,500003,0.1242602313303,1,345
45,500001,-1.7244788964507,0,346
45,123,1,0,1346
123,500001,-1.7244788964507,1,1347
45,124,1,1,2162
124,123,1,0,2163
64,128,1,1,2
64,123,0.225625,1.9,0.52631578947368,0.095,0.42105263157895,0.2,4
88,500003,0.1242602313303,1,345
45,500001,-1.7244788964507,0,346
45,123,1,1,1352
123,500001,-1.7244788964507,0,1353
64,123,0.21434375,1.9,0.52631578947368,0.1,0.42105263157895,0.2,4
88,500003,0.1242602313303,1,345
45,500001,-1.7801049836726,0,346
45,123,1,1,1352
123,500001,-1.7244788964507,0,1353
64,124,0.2375,1.9,0.5,0.095,0.44321329639889,0.19,6
88,500003,0.1242602313303,0,345
45,500001,-1.7244788964507,0,346
45,123,1,1,1352
123,500001,-1.7244788964507,0,1353
88,124,1,1,2170
124,500003,0.1242602313303,1,2171
64,0,1,1,1
64,123,0.2375,2.1052631578947,0.52631578947368,0.09025,0.4,0.1805,4
88,500003,0.1242602313303,1,345
45,500001,-1.7244788964507,0,346
45,123,1,1,1271
123,500001,-1.7244788964507,1,1272
0,123,0.225625,2.1052631578947,0.5,0.095,0.4,0.171475,4
88,500003,0.073868221076081,0,345
45,500001,-1.7244788964507,0,346
45,123,1,1,1271
123,500001,-1.7244788964507,1,1272
64,192,1,1,3
64,123,0.2375,2,0.475,0.1,0.44321329639889,0.1805,4
88,500003,0.1242602313303,1,345
45,500001,-1.6306253242592,0,346
45,123,1,1,1230
123,500001,-1.7244788964507,1,1231
64,123,0.25,2,0.45125,0.1,0.42105263157895,0.19,4
88,500003,0.1242602313303,1,345
45,500001,-1.6306253242592,1,346
45,123,1,0,1230
123,500001,-1.7244788964507,1,1231
64,123,0.2375,1.9,0.475,0.095,0.44321329639889,0.19,4
88,500003,0.088880581072419,1,345
45,500001,-1.6306253242592,0,346
45,123,1,0,1230
123,500001,-1.7244788964507,1,1231
64,123,0.25,2.1052631578947,0.45125,0.1,0.46654031199883,0.1805,4
88,500003,0.1242602313303,1,345
45,500001,-1.6306253242592,0,346
45,123,1,0,1230
123,500001,-1.7244788964507,1,1231
64,64,1,1,1
64,123,0.2375,1.9,0.475,0.1,0.42105263157895,0.1805,4
88,500003,0.1242602313303,1,345
45,500001,-1.7244788964507,0,346
45,123,1,1,1246
123,500001,-1.7244788964507,1,1247
64,123,0.2375,1.805,0.475,0.10526315789474,0.44321329639889,0.19,4
88,500003,0.1242602313303,1,345
45,500001,-1.7244788964507,0,346
45,123,1,1,1246
123,500001,-1.7244788964507,1,1247
64,128,1,1,2
64,123,0.2375,2.1052631578947,0.5,0.1,0.42105263157895,0.19,4
88,500003,0.1242602313303,1,345
45,500001,-1.7244788964507,0,346
45,123,1,1,1342
123,500001,-1.7244788964507,1,1343
64,123,0.225625,2.1052631578947,0.5,0.1,0.4,0.2,4
88,500003,0.1242602313303,1,345
45,500001,-1.7244788964507,0,346
45,123,1,0,1342
123,500001,-1.7244788964507,1,1343
64,123,0.225625,2,0.5,0.095,0.4,0.1805,4
88,500003,0.1242602313303,1,345
45,500001,-1.7244788964507,0,346
45,123,1,1,1342
123,500001,-1.8051623584704,1,1343
64,192,1,1,3
64,123,0.225625,1.9,0.5,0.09025,0.4,0.19,4
88,500003,0.1242602313303,0,345
45,500001,-1.7244788964507,1,346
88,123,1,1,1335
123,500003,0.04258710745567,1,1336
64,123,0.225625,2,0.5,0.095,0.42105263157895,0.19,4
88,500003,0.1242602313303,0,345
45,500001,-1.7244788964507,1,346
88,123,1,1,1335
123,500003,0.04258710745567,1,1336
64,123,0.225625,1.805,0.475,0.09025,0.42105263157895,0.2,4
88,500003,0.1242602313303,1,345
45,500001,-1.7244788964507,1,346
88,123,1.0433388393811,1,1335
123,500003,0.04258710745567,1,1336
64,123,0.225625,1.805,0.5,0.0857375,0.42105263157895,0.1805,4
88,500003,0.1242602313303,1,345
45,500001,-1.7244788964507,1,346
88,123,1,1,1335
123,500003,0.04258710745567,1,1336
64,192,1,1,3
64,123,0.2375,2,0.475,0.1,0.42105263157895,0.1805,4
88,500003,0.090589159825432,1,345
45,500001,-1.7244788964507,1,346
88,123,1,1,1322
123,500003,0.1242602313303,1,1323
64,124,0.2375,2.1052631578947,0.5,0.095,0.4,0.1805,6
88,500003,0.090589159825432,1,345
45,500001,-1.7244788964507,1,346
88,123,1,0,1322
123,500003,0.1242602313303,1,1323
88,124,1,1,2203
124,123,1,1,2204
64,123,0.2375,2,0.475,0.10526315789474,0.44321329639889,0.1805,4
88,500003,0.090589159825432,1,345
45,500001,-1.7244788964507,1,346
88,123,1,1,1322
123,500003,0.1242602313303,1,1323
64,124,0.25,1.9,0.45125,0.10526315789474,0.42105263157895,0.1805,6
88,500003,0.12265929457268,0,345
45,500001,-1.7244788964507,1,346
88,123,1,0,1322
123,500003,0.1242602313303,1,1323
88,124,1,1,2209
124,500003,0.090589159825432,1,2210
64,192,1,1,3
64,123,0.25,2,0.475,0.095,0.4,0.2,4
88,500003,0.1242602313303,1,345
45,500001,-1.7244788964507,0,346
88,123,1,1,1316
123,500003,0.1242602313303,1,1317
64,123,0.2375,2.1052631578947,0.45125,0.09025,0.4,0.19,4
88,500003,0.20547063356425,1,345
45,500001,-1.7244788964507,1,346
88,123,1,1,1316
123,500003,0.1242602313303,1,1317
64,123,0.26315789473684,1.9,0.5,0.09025,0.4,0.21052631578947,4
88,500003,0.057730224005858,0,345
45,500001,-1.7244788964507,0,346
88,123,1,1,1316
123,500003,0.1242602313303,1,1317
64,124,0.25,2.1052631578947,0.475,0.095,0.42105263157895,0.2,6
88,500003,0.1242602313303,0,345
45,500001,-1.7244788964507,0,346
88,123,1,0,1316
123,500003,0.1242602313303,1,1317
88,124,1,1,2217
124,123,1,1,2218
11,11,2,1,1
11,124,0.25,1.9,0.5,0.1,0.44321329639889,0.21052631578947,6
61,500003,-1.3856013672292,0,547
62,500005,0.89107943968017,1,548
61,123,-1.6776024658956,1,549
123,500003,-1.4240150151066,0,550
123,124,1,1,1564
124,500003,-1.3856013672292,1,1565
11,125,0.25,1.9,0.475,0.1,0.46654031199883,0.2,8
61,500003,-1.3856013672292,0,547
62,500005,0.89107943968017,1,548
61,123,-1.6776024658956,1,549
123,500003,-1.4240150151066,0,550
123,124,1,1,1564
124,500003,-1.3856013672292,1,1565
123,125,1,1,2221
125,500003,-1.4240150151066,0,2222
33,33,1,1,1
33,123,0.25,2,0.475,0.09025,0.38,0.19,4
43,500003,1.6458632160405,0,378
116,500005,1.4274780343028,1,379
43,123,1,1,1420
123,500003,1.6458632160405,1,1421
33,123,0.26315789473684,2.1052631578947,0.5,0.09025,0.4,0.1805,4
43,500003,1.6458632160405,1,378
116,500005,1.4274780343028,1,379
43,123,1,1,1420
123,500003,1.6458632160405,1,1421
33,33,1,1,1
33,123,0.26315789473684,1.9,0.45125,0.095,0.38,0.2,4
43,500003,1.6458632160405,0,378
116,500005,1.4452955717643,1,379
43,123,1,1,1412
123,500003,1.6458632160405,1,1413
33,124,0.27700831024931,2,0.4286875,0.095,0.38,0.21052631578947,6
43,500003,1.6458632160405,1,378
116,500005,1.4452955717643,1,379
43,123,1,0,1412
123,500003,1.6458632160405,1,1413
43,124,1,0,2229
124,123,1,1,2230
33,0,1,1,1
33,123,0.26315789473684,2.1052631578947,0.5,0.09025,0.361,0.19,4
43,500003,1.6458632160405,0,378
116,500005,1.4452955717643,1,379
43,123,1,1,1431
123,500003,1.6458632160405,1,1432
0,123,0.26315789473684,2.2160664819944,0.475,0.095,0.361,0.19,4
43,500003,1.6458632160405,0,378
116,500005,1.4452955717643,1,379
43,123,1,0,1431
123,500003,1.6458632160405,1,1432
33,0,2,1,0
33,122,0.27700831024931,2.1052631578947,0.5,0.09025,0.38,0.21052631578947,2
43,500003,1.6458632160405,1,378
116,500005,1.4452955717643,1,379
33,0,1,1,0
33,123,0.26315789473684,2,0.45125,0.1,0.38,0.19,4
43,500003,1.6458632160405,1,378
116,500005,1.4452955717643,0,379
116,123,1,1,1416
123,500005,1.4452955717643,1,1417
16,0,2,1,0
16,124,0.26315789473684,2.2160664819944,0.52631578947368,0.1,0.42105263157895,0.21052631578947,6
40,500003,0.94442579424421,0,679
19,500004,1.1388897366253,0,680
19,123,1,1,681
123,500004,1.1388897366253,1,682
40,124,1,1,1522
124,500003,0.94442579424421,1,1523
18,0,2,1,0
8,124,0.25,2.1052631578947,0.52631578947368,0.09025,0.4,0.2,7
52,500002,0.46259956663717,0,516
90,500005,1.2795190282907,1,517
63,500003,0.43061616870632,1,518
52,123,0.97600283822138,1,519
123,500002,0.46259956663717,0,520
123,124,1,0,1496
124,500002,0.46259956663717,0,1497
0,0,1,1,1
80,122,0.225625,1.9,0.5,0.1,0.4,0.2,0
0,122,0.225625,1.9,0.5,0.1,0.4,0.2,0
0,0,1,1,1
0,123,0.2375,1.805,0.5,0.11663507799972,0.38,0.22160664819944,4
77,500003,0.78939176610614,0,491
70,500002,1.5310975580374,0,492
77,123,1,1,1626
123,500003,0.78939176610614,0,1627
0,123,0.2375,1.805,0.5,0.11663507799972,0.38,0.22160664819944,4
77,500003,0.78939176610614,0,491
70,500002,1.5310975580374,0,492
77,123,1,1,1626
123,500003,0.78939176610614,0,1627
0,0,1,1,1
80,123,0.225625,1.805,0.475,0.1,0.4,0.2,0
0,123,0.225625,1.805,0.475,0.1,0.4,0.2,0
0,0,1,1,1
0,123,0.21434375,1.9,0.5,0.10526315789474,0.42105263157895,0.21052631578947,0
0,123,0.21434375,1.9,0.5,0.10526315789474,0.42105263157895,0.21052631578947,0
0,0,1,1,1
0,123,0.21434375,1.71475,0.5,0.095,0.38,0.2,0
0,123,0.21434375,1.71475,0.5,0.095,0.38,0.2,0
0,0,1,1,1
80,123,0.25,1.805,0.52631578947368,0.1,0.361,0.19,0
0,123,0.25,1.805,0.52631578947368,0.1,0.361,0.19,0
0,0,1,1,1
0,123,0.26315789473684,1.71475,0.5,0.1,0.38,0.2,0
0,123,0.26315789473684,1.71475,0.5,0.1,0.38,0.2,0
0,0,1,1,1
80,123,0.225625,2,0.52631578947368,0.1,0.361,0.19,0
0,123,0.225625,2,0.52631578947368,0.1,0.361,0.19,0
80,80,0,0,1
0,124,0.2375,2,0.5,0.1,0.34295,0.2,6
77,500003,1.6467177343059,1,167
64,500004,-1.5895870845668,0,168
64,123,1,1,888
123,500004,1.9973143711661,0,889
64,124,1,1,1655
124,500004,1.9973143711661,0,1656
80,124,0.2375,2,0.5,0.1,0.34295,0.2,6
77,500003,1.6467177343059,1,167
64,500004,-1.5895870845668,0,168
64,123,1,1,888
123,500004,1.9973143711661,0,889
64,124,1,1,1655
124,500004,1.9973143711661,0,1656
0,0,1,1,1
80,123,0.25,1.805,0.475,0.11080332409973,0.38,0.2,0
0,123,0.25,1.805,0.475,0.11080332409973,0.38,0.2,0
0,0,1,1,1
0,123,0.2375,1.71475,0.475,0.11663507799972,0.38,0.19,0
0,123,0.2375,1.71475,0.475,0.11663507799972,0.38,0.19,0
0,0,1,1,1
0,123,0.2375,1.9,0.475,0.10526315789474,0.4,0.2,0
0,123,0.2375,1.9,0.475,0.10526315789474,0.4,0.2,0
0,0,1,1,1
80,123,0.225625,2,0.52631578947368,0.11080332409973,0.4,0.1805,0
0,123,0.225625,2,0.52631578947368,0.11080332409973,0.4,0.1805,0
0,0,1,1,1
0,123,0.225625,2,0.52631578947368,0.11080332409973,0.4,0.171475,0
0,123,0.225625,2,0.52631578947368,0.11080332409973,0.4,0.171475,0
0,0,1,1,1
0,123,0.21434375,1.9,0.5,0.11663507799972,0.4,0.19,0
0,123,0.21434375,1.9,0.5,0.11663507799972,0.4,0.19,0
0,0,1,1,1
80,123,0.2375,1.805,0.52631578947368,0.11080332409973,0.4,0.2,0
0,123,0.2375,1.805,0.52631578947368,0.11080332409973,0.4,0.2,0
0,0,1,1,1
0,123,0.2375,1.71475,0.52631578947368,0.11663507799972,0.42105263157895,0.19,0
0,123,0.2375,1.71475,0.52631578947368,0.11663507799972,0.42105263157895,0.19,0
0,0,1,1,1
80,123,0.25,2,0.52631578947368,0.10526315789474,0.38,0.21052631578947,0
0,123,0.25,2,0.52631578947368,0.10526315789474,0.38,0.21052631578947,0
0,0,1,1,1
0,123,0.25,2.1052631578947,0.55401662049861,0.10526315789474,0.38,0.22160664819944,0
0,123,0.25,2.1052631578947,0.55401662049861,0.10526315789474,0.38,0.22160664819944,0
0,0,1,1,1
80,123,0.2375,1.9,0.52631578947368,0.11080332409973,0.361,0.19,0
0,123,0.2375,1.9,0.52631578947368,0.11080332409973,0.361,0.19,0
0,0,1,1,1
80,123,0.25,2,0.52631578947368,0.11080332409973,0.4,0.2,0
0,123,0.25,2,0.52631578947368,0.11080332409973,0.4,0.2,0
0,0,1,1,1
80,123,0.225625,2,0.5,0.10526315789474,0.4,0.19,0
0,123,0.225625,2,0.5,0.10526315789474,0.4,0.19,0
0,0,1,1,1
80,123,0.225625,1.805,0.475,0.11080332409973,0.38,0.19,0
0,123,0.225625,1.805,0.475,0.11080332409973,0.38,0.19,0
0,0,1,1,1
80,123,0.225625,2,0.475,0.1,0.38,0.2,0
0,123,0.225625,2,0.475,0.1,0.38,0.2,0
0,0,1,1,1
0,123,0.225625,2,0.5,0.095,0.4,0.19,0
0,123,0.225625,2,0.5,0.095,0.4,0.19,0
0,0,1,1,1
80,123,0.2375,1.9,0.475,0.1,0.38,0.21052631578947,0
0,123,0.2375,1.9,0.475,0.1,0.38,0.21052631578947,0
0,0,1,1,1
0,123,0.225625,2,0.45125,0.095,0.4,0.2,0
0,123,0.225625,2,0.45125,0.095,0.4,0.2,0
0,0,1,1,1
80,123,0.2375,2,0.475,0.10526315789474,0.4,0.21052631578947,0
0,123,0.2375,2,0.475,0.10526315789474,0.4,0.21052631578947,0
0,0,1,1,1
0,123,0.2375,2,0.5,0.11080332409973,0.38,0.21052631578947,0
0,123,0.2375,2,0.5,0.11080332409973,0.38,0.21052631578947,0
0,0,1,1,1
80,123,0.25,1.9,0.52631578947368,0.11080332409973,0.4,0.2,0
0,123,0.25,1.9,0.52631578947368,0.11080332409973,0.4,0.2,0
0,0,1,1,1
80,123,0.225625,2,0.52631578947368,0.1,0.4,0.2,0
0,123,0.225625,2,0.52631578947368,0.1,0.4,0.2,0
0,0,1,1,1
0,123,0.225625,2,0.52631578947368,0.095,0.42105263157895,0.2,0
0,123,0.225625,2,0.52631578947368,0.095,0.42105263157895,0.2,0
0,0,1,1,1
80,122,0.2375,2,0.5,0.10526315789474,0.4,0.2,0
0,122,0.2375,2,0.5,0.10526315789474,0.4,0.2,0
73,73,0,0,1
0,123,0.26315789473684,2,0.475,0.1,0.38,0.2,4
77,500003,1.6467177343059,1,167
64,500004,1.9973143711661,0,168
64,123,1,1,1813
123,500004,1.9973143711661,1,1814
73,123,0.26315789473684,2,0.475,0.1,0.38,0.2,4
77,500003,1.6467177343059,1,167
64,500004,1.9973143711661,0,168
64,123,1,1,1813
123,500004,1.9973143711661,1,1814
73,73,0,0,1
0,123,0.2375,1.9,0.52631578947368,0.10526315789474,0.38,0.19,4
77,500003,1.6467177343059,1,167
64,500004,1.9973143711661,0,168
64,123,1,1,1822
123,500004,1.9973143711661,1,1823
73,123,0.2375,1.9,0.52631578947368,0.10526315789474,0.38,0.19,4
77,500003,1.6467177343059,1,167
64,500004,1.9973143711661,0,168
64,123,1,1,1822
123,500004,1.9973143711661,1,1823
0,0,1,1,1
73,123,0.2375,1.9,0.55401662049861,0.10526315789474,0.4,0.19,0
0,123,0.2375,1.9,0.55401662049861,0.10526315789474,0.4,0.19,0
0,0,1,1,1
0,123,0.2375,2,0.58317538999854,0.1,0.42105263157895,0.19,0
0,123,0.2375,2,0.58317538999854,0.1,0.42105263157895,0.19,0
0,0,1,1,1
0,123,0.25,1.9,0.52631578947368,0.1,0.4,0.19,0
0,123,0.25,1.9,0.52631578947368,0.1,0.4,0.19,0
0,0,1,1,1
73,123,0.225625,1.805,0.55401662049861,0.11080332409973,0.4,0.1805,0
0,123,0.225625,1.805,0.55401662049861,0.11080332409973,0.4,0.1805,0
0,0,1,1,1
0,123,0.225625,1.9,0.55401662049861,0.11080332409973,0.42105263157895,0.171475,0
0,123,0.225625,1.9,0.55401662049861,0.11080332409973,0.42105263157895,0.171475,0
0,0,1,1,1
73,123,0.225625,1.9,0.55401662049861,0.11080332409973,0.38,0.1805,0
0,123,0.225625,1.9,0.55401662049861,0.11080332409973,0.38,0.1805,0
0,0,1,1,1
73,123,0.25,1.805,0.55401662049861,0.10526315789474,0.4,0.2,0
0,123,0.25,1.805,0.55401662049861,0.10526315789474,0.4,0.2,0
0,0,1,1,1
73,123,0.25,2,0.5,0.11080332409973,0.4,0.19,0
0,123,0.25,2,0.5,0.11080332409973,0.4,0.19,0
0,0,1,1,1
0,123,0.2375,2,0.52631578947368,0.11080332409973,0.4,0.1805,0
0,123,0.2375,2,0.52631578947368,0.11080332409973,0.4,0.1805,0
0,0,1,1,1
0,123,0.2375,2.1052631578947,0.475,0.10526315789474,0.42105263157895,0.19,0
0,123,0.2375,2.1052631578947,0.475,0.10526315789474,0.42105263157895,0.19,0
0,0,1,1,1
73,123,0.25,2,0.55401662049861,0.11080332409973,0.38,0.1805,0
0,123,0.25,2,0.55401662049861,0.11080332409973,0.38,0.1805,0
0,0,1,1,1
0,123,0.26315789473684,2,0.55401662049861,0.11080332409973,0.361,0.19,0
0,123,0.26315789473684,2,0.55401662049861,0.11080332409973,0.361,0.19,0
0,0,1,1,1
73,123,0.225625,2,0.5,0.11080332409973,0.38,0.19,0
0,123,0.225625,2,0.5,0.11080332409973,0.38,0.19,0
0,0,1,1,1
73,123,0.225625,1.9,0.52631578947368,0.1,0.38,0.19,0
0,123,0.225625,1.9,0.52631578947368,0.1,0.38,0.19,0
0,0,1,1,1
73,123,0.25,1.9,0.52631578947368,0.1,0.4,0.19,0
0,123,0.25,1.9,0.52631578947368,0.1,0.4,0.19,0
0,0,1,1,1
73,123,0.225625,1.9,0.55401662049861,0.11080332409973,0.361,0.2,0
0,123,0.225625,1.9,0.55401662049861,0.11080332409973,0.361,0.2,0
0,0,1,1,1
0,123,0.21434375,1.9,0.58317538999854,0.11663507799972,0.34295,0.19,0
0,123,0.21434375,1.9,0.58317538999854,0.11663507799972,0.34295,0.19,0
0,0,1,1,1
0,123,0.225625,1.9,0.52631578947368,0.11663507799972,0.34295,0.2,0
0,123,0.225625,1.9,0.52631578947368,0.11663507799972,0.34295,0.2,0
0,0,1,1,1
73,123,0.25,1.805,0.55401662049861,0.10526315789474,0.4,0.2,0
0,123,0.25,1.805,0.55401662049861,0.10526315789474,0.4,0.2,0
0,0,1,1,1
0,123,0.25,1.71475,0.52631578947368,0.10526315789474,0.42105263157895,0.21052631578947,0
0,123,0.25,1.71475,0.52631578947368,0.10526315789474,0.42105263157895,0.21052631578947,0
0,0,1,1,1
73,123,0.225625,2,0.55401662049861,0.1,0.4,0.19,0
0,123,0.225625,2,0.55401662049861,0.1,0.4,0.19,0
0,0,1,1,1
0,123,0.21434375,2.1052631578947,0.52631578947368,0.1,0.42105263157895,0.1805,0
0,123,0.21434375,2.1052631578947,0.52631578947368,0.1,0.42105263157895,0.1805,0
0,0,1,1,1
73,123,0.25,1.9,0.55401662049861,0.11080332409973,0.361,0.2,0
0,123,0.25,1.9,0.55401662049861,0.11080332409973,0.361,0.2,0
0,0,1,1,1
0,123,0.25,1.9,0.52631578947368,0.10526315789474,0.361,0.21052631578947,0
0,123,0.25,1.9,0.52631578947368,0.10526315789474,0.361,0.21052631578947,0
0,0,1,1,1
73,123,0.25,2,0.5,0.11080332409973,0.4,0.2,0
0,123,0.25,2,0.5,0.11080332409973,0.4,0.2,0
0,0,1,1,1
0,123,0.26315789473684,1.9,0.5,0.10526315789474,0.4,0.19,0
0,123,0.26315789473684,1.9,0.5,0.10526315789474,0.4,0.19,0
0,0,1,1,1
0,123,0.25,1.9,0.475,0.10526315789474,0.38,0.19,0
0,123,0.25,1.9,0.475,0.10526315789474,0.38,0.19,0
0,0,1,1,1
0,123,0.26315789473684,2.1052631578947,0.475,0.11663507799972,0.42105263157895,0.21052631578947,0
0,123,0.26315789473684,2.1052631578947,0.475,0.11663507799972,0.42105263157895,0.21052631578947,0
0,0,1,1,1
0,123,0.25,1.9,0.5,0.11080332409973,0.38,0.2,0
0,123,0.25,1.9,0.5,0.11080332409973,0.38,0.2,0
0,0,1,1,1
73,123,0.2375,2,0.55401662049861,0.11080332409973,0.361,0.1805,0
0,123,0.2375,2,0.55401662049861,0.11080332409973,0.361,0.1805,0
0,0,1,1,1
0,123,0.25,2,0.58317538999854,0.11663507799972,0.361,0.1805,0
0,123,0.25,2,0.58317538999854,0.11663507799972,0.361,0.1805,0
0,0,1,1,1
73,123,0.2375,1.9,0.52631578947368,0.10526315789474,0.38,0.1805,0
0,123,0.2375,1.9,0.52631578947368,0.10526315789474,0.38,0.1805,0
0,0,1,1,1
73,123,0.225625,1.9,0.52631578947368,0.10526315789474,0.38,0.1805,0
0,123,0.225625,1.9,0.52631578947368,0.10526315789474,0.38,0.1805,0
0,0,1,1,1
0,123,0.2375,1.805,0.55401662049861,0.10526315789474,0.4,0.1805,0
0,123,0.2375,1.805,0.55401662049861,0.10526315789474,0.4,0.1805,0
0,0,1,1,1
0,123,0.21434375,1.805,0.52631578947368,0.11080332409973,0.38,0.171475,0
0,123,0.21434375,1.805,0.52631578947368,0.11080332409973,0.38,0.171475,0
0,0,1,1,1
0,123,0.21434375,2,0.52631578947368,0.10526315789474,0.38,0.1805,0
0,123,0.21434375,2,0.52631578947368,0.10526315789474,0.38,0.1805,0
0,0,1,1,1
67,123,0.25,2,0.5,0.10526315789474,0.38,0.21052631578947,0
0,123,0.25,2,0.5,0.10526315789474,0.38,0.21052631578947,0
0,0,1,1,1
67,123,0.2375,1.805,0.52631578947368,0.1,0.38,0.2,0
0,123,0.2375,1.805,0.52631578947368,0.1,0.38,0.2,0
0,0,1,1,1
67,123,0.25,1.805,0.475,0.1,0.361,0.19,0
0,123,0.25,1.805,0.475,0.1,0.361,0.19,0
0,0,1,1,1
0,123,0.26315789473684,1.71475,0.45125,0.1,0.38,0.19,0
0,123,0.26315789473684,1.71475,0.45125,0.1,0.38,0.19,0
0,0,1,1,1
67,123,0.2375,2,0.475,0.10526315789474,0.361,0.21052631578947,0
0,123,0.2375,2,0.475,0.10526315789474,0.361,0.21052631578947,0
0,0,1,1,1
0,123,0.2375,2,0.475,0.11080332409973,0.38,0.22160664819944,0
0,123,0.2375,2,0.475,0.11080332409973,0.38,0.22160664819944,0
0,0,1,1,1
67,123,0.2375,1.805,0.5,0.11080332409973,0.38,0.21052631578947,0
0,123,0.2375,1.805,0.5,0.11080332409973,0.38,0.21052631578947,0
0,0,1,1,1
67,123,0.2375,1.9,0.475,0.11080332409973,0.4,0.19,0
0,123,0.2375,1.9,0.475,0.11080332409973,0.4,0.19,0
0,0,1,1,1
0,123,0.25,2,0.45125,0.11663507799972,0.38,0.2,0
0,123,0.25,2,0.45125,0.11663507799972,0.38,0.2,0
0,0,1,1,1
71,122,0.25,2,0.52631578947368,0.09025,0.4,0.19,0
0,122,0.25,2,0.52631578947368,0.09025,0.4,0.19,0
0,0,1,1,1
0,122,0.2375,2,0.55401662049861,0.0857375,0.42105263157895,0.2,0
0,122,0.2375,2,0.55401662049861,0.0857375,0.42105263157895,0.2,0
0,0,1,1,1
64,123,0.2375,1.9,0.5,0.095,0.4,0.2,0
0,123,0.2375,1.9,0.5,0.095,0.4,0.2,0
0,0,1,1,1
0,123,0.25,2,0.5,0.1,0.38,0.19,0
0,123,0.25,2,0.5,0.1,0.38,0.19,0
0,0,1,1,1
64,123,0.2375,2,0.475,0.09025,0.44321329639889,0.2,0
0,123,0.2375,2,0.475,0.09025,0.44321329639889,0.2,0
0,0,1,1,1
0,123,0.25,1.9,0.475,0.0857375,0.46654031199883,0.21052631578947,0
0,123,0.25,1.9,0.475,0.0857375,0.46654031199883,0.21052631578947,0
0,0,1,1,1
0,123,0.225625,1.9,0.5,0.0857375,0.44321329639889,0.21052631578947,0
0,123,0.225625,1.9,0.5,0.0857375,0.44321329639889,0.21052631578947,0
0,0,1,1,1
64,123,0.25,2.1052631578947,0.52631578947368,0.1,0.42105263157895,0.2,0
0,123,0.25,2.1052631578947,0.52631578947368,0.1,0.42105263157895,0.2,0
0,0,1,1,1
0,123,0.25,2,0.55401662049861,0.095,0.42105263157895,0.19,0
0,123,0.25,2,0.55401662049861,0.095,0.42105263157895,0.19,0
0,0,1,1,1
64,123,0.225625,2,0.52631578947368,0.1,0.4,0.19,0
0,123,0.225625,2,0.52631578947368,0.1,0.4,0.19,0
0,0,1,1,1
0,123,0.21434375,2,0.55401662049861,0.10526315789474,0.4,0.19,0
0,123,0.21434375,2,0.55401662049861,0.10526315789474,0.4,0.19,0
0,0,1,1,1
64,123,0.25,2,0.475,0.1,0.42105263157895,0.1805,0
0,123,0.25,2,0.475,0.1,0.42105263157895,0.1805,0
0,0,1,1,1
64,123,0.2375,1.9,0.5,0.1,0.44321329639889,0.1805,0
0,123,0.2375,1.9,0.5,0.1,0.44321329639889,0.1805,0
0,0,1,1,1
64,123,0.2375,1.9,0.52631578947368,0.09025,0.4,0.1805,0
0,123,0.2375,1.9,0.52631578947368,0.09025,0.4,0.1805,0
0,0,1,1,1
64,123,0.2375,1.9,0.52631578947368,0.09025,0.4,0.19,0
0,123,0.2375,1.9,0.52631578947368,0.09025,0.4,0.19,0
0,0,1,1,1
0,123,0.2375,1.9,0.5,0.0857375,0.42105263157895,0.1805,0
0,123,0.2375,1.9,0.5,0.0857375,0.42105263157895,0.1805,0
0,0,1,1,1
64,123,0.2375,2.1052631578947,0.475,0.095,0.4,0.19,0
0,123,0.2375,2.1052631578947,0.475,0.095,0.4,0.19,0
0,0,1,1,1
64,123,0.225625,2,0.52631578947368,0.1,0.42105263157895,0.19,0
0,123,0.225625,2,0.52631578947368,0.1,0.42105263157895,0.19,0
0,0,1,1,1
64,123,0.2375,2.1052631578947,0.52631578947368,0.1,0.44321329639889,0.2,0
0,123,0.2375,2.1052631578947,0.52631578947368,0.1,0.44321329639889,0.2,0
0,0,1,1,1
0,123,0.25,2,0.5,0.095,0.46654031199883,0.2,0
0,123,0.25,2,0.5,0.095,0.46654031199883,0.2,0
0,0,1,1,1
64,123,0.2375,2,0.5,0.095,0.4,0.19,0
0,123,0.2375,2,0.5,0.095,0.4,0.19,0
0,0,1,1,1
64,123,0.225625,1.9,0.475,0.09025,0.44321329639889,0.19,0
0,123,0.225625,1.9,0.475,0.09025,0.44321329639889,0.19,0
0,0,1,1,1
64,123,0.225625,1.9,0.52631578947368,0.095,0.42105263157895,0.2,0
0,123,0.225625,1.9,0.52631578947368,0.095,0.42105263157895,0.2,0
0,0,1,1,1
0,123,0.2375,1.805,0.5,0.095,0.42105263157895,0.2,0
0,123,0.2375,1.805,0.5,0.095,0.42105263157895,0.2,0
0,0,1,1,1
64,123,0.2375,2.1052631578947,0.52631578947368,0.09025,0.4,0.1805,0
0,123,0.2375,2.1052631578947,0.52631578947368,0.09025,0.4,0.1805,0
0,0,1,1,1
0,123,0.225625,2,0.55401662049861,0.095,0.38,0.19,0
0,123,0.225625,2,0.55401662049861,0.095,0.38,0.19,0
0,0,1,1,1
0,123,0.2375,2.1052631578947,0.5,0.09025,0.38,0.1805,0
0,123,0.2375,2.1052631578947,0.5,0.09025,0.38,0.1805,0
0,0,1,1,1
64,123,0.2375,2,0.475,0.1,0.44321329639889,0.1805,0
0,123,0.2375,2,0.475,0.1,0.44321329639889,0.1805,0
0,0,1,1,1
64,123,0.2375,1.9,0.475,0.1,0.42105263157895,0.1805,0
0,123,0.2375,1.9,0.475,0.1,0.42105263157895,0.1805,0
0,0,1,1,1
0,123,0.25,1.9,0.45125,0.095,0.44321329639889,0.171475,0
0,123,0.25,1.9,0.45125,0.095,0.44321329639889,0.171475,0
0,0,1,1,1
0,123,0.2375,1.9,0.475,0.1,0.44321329639889,0.171475,0
0,123,0.2375,1.9,0.475,0.1,0.44321329639889,0.171475,0
0,0,1,1,1
64,123,0.2375,2.1052631578947,0.5,0.1,0.42105263157895,0.19,0
0,123,0.2375,2.1052631578947,0.5,0.1,0.42105263157895,0.19,0
0,0,1,1,1
0,123,0.225625,2,0.52631578947368,0.10526315789474,0.4,0.2,0
0,123,0.225625,2,0.52631578947368,0.10526315789474,0.4,0.2,0
0,0,1,1,1
64,123,0.225625,1.9,0.5,0.09025,0.4,0.19,0
0,123,0.225625,1.9,0.5,0.09025,0.4,0.19,0
0,0,1,1,1
64,123,0.2375,2,0.475,0.1,0.42105263157895,0.1805,0
0,123,0.2375,2,0.475,0.1,0.42105263157895,0.1805,0
0,0,1,1,1
64,123,0.25,2,0.475,0.095,0.4,0.2,0
0,123,0.25,2,0.475,0.095,0.4,0.2,0
0,0,1,1,1
11,124,0.26315789473684,1.9,0.475,0.1,0.44321329639889,0.22160664819944,0
0,124,0.26315789473684,1.9,0.475,0.1,0.44321329639889,0.22160664819944,0
0,0,1,1,1
0,124,0.2375,2,0.52631578947368,0.1,0.44321329639889,0.2,0
0,124,0.2375,2,0.52631578947368,0.1,0.44321329639889,0.2,0
0,0,1,1,1
33,123,0.25,2,0.475,0.09025,0.38,0.19,0
0,123,0.25,2,0.475,0.09025,0.38,0.19,0
0,0,1,1,1
33,123,0.26315789473684,1.9,0.45125,0.095,0.38,0.2,0
0,123,0.26315789473684,1.9,0.45125,0.095,0.38,0.2,0
0,0,1,1,1
33,123,0.26315789473684,2.1052631578947,0.5,0.09025,0.361,0.19,0
0,123,0.26315789473684,2.1052631578947,0.5,0.09025,0.361,0.19,0
0,0,1,1,1
33,122,0.27700831024931,2,0.475,0.1,0.4,0.2,0
0,122,0.27700831024931,2,0.475,0.1,0.4,0.2,0
33,33,0,0,1
0,123,0.25,2.2160664819944,0.5,0.09025,0.34295,0.21052631578947,4
43,500003,1.6458632160405,1,378
116,500005,1.4452955717643,1,379
116,123,1,1,2235
123,500005,1.4452955717643,1,2236
33,123,0.25,2.2160664819944,0.5,0.09025,0.34295,0.21052631578947,4
43,500003,1.6458632160405,1,378
116,500005,1.4452955717643,1,379
116,123,1,1,2235
123,500005,1.4452955717643,1,2236
0,0,1,1,1
33,123,0.26315789473684,2,0.45125,0.1,0.38,0.19,0
0,123,0.26315789473684,2,0.45125,0.1,0.38,0.19,0
0,0,1,1,1
0,123,0.25,2.1052631578947,0.475,0.1,0.361,0.19,0
0,123,0.25,2.1052631578947,0.475,0.1,0.361,0.19,0
0,0,1,1,1
16,124,0.26315789473684,2.2160664819944,0.52631578947368,0.1,0.42105263157895,0.21052631578947,0
0,124,0.26315789473684,2.2160664819944,0.52631578947368,0.1,0.42105263157895,0.21052631578947,0
0,0,1,1,1
8,124,0.2375,2,0.55401662049861,0.095,0.4,0.19,0
0,124,0.2375,2,0.55401662049861,0.095,0.4,0.19,0
