2,1158,27,1,201,110,26
110,2459,1,1,28
110,177,0.25,2.1052631578947,0.475,0.10526315789474,0.42105263157895,0.21052631578947,4
97,500005,1.1777092806787,1,197
142,500003,1.4803308206427,0,198
142,177,1,1,199
177,500003,1.4803308206427,1,200
110,177,0.25,2.1052631578947,0.475,0.10526315789474,0.42105263157895,0.21052631578947,4
97,500005,1.1777092806787,1,197
142,500003,1.4803308206427,0,198
142,177,1,1,199
177,500003,1.4803308206427,1,200
110,178,0.2375,2.1052631578947,0.5,0.11080332409973,0.44321329639889,0.22160664819944,8
97,500005,1.1777092806787,0,197
142,500003,1.4803308206427,0,198
142,177,0.92596091246792,1,199
177,500003,1.4803308206427,1,200
146,500004,-1.3035676137577,1,574
153,500004,0.054139835810419,1,575
97,178,1,1,576
178,500005,1.1777092806787,1,577
97,178,0.26315789473684,2.2160664819944,0.5,0.1,0.44321329639889,0.22160664819944,8
97,500005,1.1777092806787,1,197
142,500003,1.4803308206427,0,198
142,177,1,1,199
177,500003,1.4803308206427,1,200
63,177,0.43073824274422,1,578
139,500004,0.079531235694449,0,579
139,178,1,1,580
178,500004,0.079531235694449,1,581
98,178,0.2375,2.1052631578947,0.475,0.10526315789474,0.42105263157895,0.21052631578947,8
97,500005,-0.89645069734794,1,197
142,500003,1.4803308206427,1,198
142,177,1,1,199
177,500003,1.4803308206427,1,200
70,500001,-0.81087679677725,0,582
149,177,-0.49653614917447,0,583
70,178,1,1,584
178,500001,-0.81087679677725,1,585
110,178,0.2375,2.1052631578947,0.5,0.11080332409973,0.44321329639889,0.21052631578947,8
97,500005,1.1777092806787,0,197
142,500003,1.4803308206427,0,198
142,177,1,1,199
177,500003,1.4841215407671,1,200
20,500003,-0.45905941953795,1,586
131,500003,0.28962065492721,1,587
97,178,1,1,588
178,500005,1.1777092806787,1,589
105,178,0.25,2.2160664819944,0.45125,0.10526315789474,0.4,0.2,8
97,500005,1.1777092806787,1,197
142,500003,1.4803308206427,1,198
142,177,1,1,199
177,500003,1.4803308206427,1,200
123,500001,-0.29377117221595,1,590
13,500005,0.73274941251869,0,591
13,178,1,1,592
178,500005,0.73274941251869,1,593
110,178,0.26315789473684,2.1052631578947,0.5,0.1,0.4,0.22160664819944,8
97,500005,1.1777092806787,1,197
142,500003,1.4803308206427,0,198
142,177,1,1,199
177,500003,1.4803308206427,1,200
134,500004,-0.098818933683279,1,594
22,500002,1.3387249366741,1,595
177,178,1,1,596
178,500003,1.4803308206427,1,597
89,177,0.26315789473684,2.2160664819944,0.475,0.1,0.44321329639889,0.22160664819944,6
97,500005,1.1777092806787,1,197
142,500003,1.4803308206427,0,198
142,177,1,1,199
177,500003,1.4803308206427,1,200
174,500001,0.95675527207251,1,598
101,500001,1.0452589495529,1,599
110,178,0.2375,2.1052631578947,0.5,0.11080332409973,0.44321329639889,0.2,8
97,500005,1.1777092806787,0,197
142,500003,1.4803308206427,1,198
142,177,1,1,199
177,500003,1.4803308206427,1,200
22,177,0.97250282296213,1,600
56,500005,-0.85567796868801,1,601
97,178,1,1,602
178,500005,1.1777092806787,1,603
110,178,0.2375,2.1052631578947,0.475,0.1,0.4,0.2,8
97,500005,1.1777092806787,1,197
142,500003,1.4803308206427,1,198
142,177,1,0,199
177,500003,1.4803308206427,1,200
3,177,-0.1819513534959,1,604
134,500004,0.16111026337474,0,605
142,178,1,1,606
178,177,1,1,607
110,178,0.25,2,0.5,0.1,0.42105263157895,0.21052631578947,8
97,500005,1.1777092806787,1,197
142,500003,1.4803308206427,0,198
142,177,1,1,199
177,500003,1.4803308206427,1,200
177,177,0.50068666646321,1,608
17,500002,1.7260658589434,0,609
17,178,1,0,610
178,500002,1.7260658589434,1,611
110,178,0.26315789473684,2.2160664819944,0.475,0.10526315789474,0.44321329639889,0.22160664819944,8
97,500005,1.1777092806787,1,197
142,500003,1.4803308206427,0,198
142,177,1,1,199
177,500003,1.4803308206427,1,200
101,500002,-1.2629169591357,1,612
131,500003,1.6203497421186,1,613
142,178,1,1,614
178,500003,1.4803308206427,0,615
98,178,0.26315789473684,2.1052631578947,0.475,0.1,0.44321329639889,0.22160664819944,8
97,500005,1.1777092806787,0,197
142,500003,1.4803308206427,0,198
142,177,1,1,199
177,500003,1.4803308206427,0,200
162,500003,0.91073335978271,1,616
8,500004,1.9061250648518,1,617
177,178,1,1,618
178,500003,1.4803308206427,1,619
110,178,0.2375,2,0.45125,0.11080332409973,0.4,0.21052631578947,8
97,500005,1.1777092806787,1,197
142,500003,1.4803308206427,0,198
142,177,1,1,199
177,500003,1.4803308206427,1,200
80,500002,-0.80501724295785,0,620
83,500003,-1.3893856624042,1,621
80,178,1,1,622
178,500002,-0.80501724295785,1,623
110,177,0.25,2,0.45125,0.10526315789474,0.4,0.22160664819944,6
97,500005,1.1777092806787,1,197
142,500003,0.20465712454604,1,198
142,177,1,1,199
177,500003,1.4803308206427,1,200
170,177,1.5025482955412,1,624
116,500001,-1.5807977538377,1,625
110,178,0.25,2.2160664819944,0.5,0.11080332409973,0.44321329639889,0.2,8
97,500005,1.1777092806787,1,197
142,500003,1.4803308206427,0,198
142,177,1,1,199
177,500003,1.4803308206427,1,200
18,500003,1.4529862361522,0,626
87,500004,-0.012390514847255,1,627
18,178,1,1,628
178,500003,1.4529862361522,0,629
98,178,0.26315789473684,2,0.45125,0.1,0.42105263157895,0.22160664819944,8
97,500005,1.1777092806787,0,197
142,500003,1.4803308206427,1,198
142,177,1,1,199
177,500003,1.4803308206427,1,200
150,500005,0.38752403332621,0,630
128,500005,-1.9412823877682,1,631
150,178,1,1,632
178,500005,0.38752403332621,1,633
0,177,0.25,2.2160664819944,0.5,0.10526315789474,0.42105263157895,0.21052631578947,7
97,500005,1.1777092806787,1,197
142,500003,1.4803308206427,0,198
142,177,1.0648502263992,0,199
177,500003,1.4803308206427,1,200
112,500002,-0.98519852290414,1,634
25,500005,-1.7353434858242,1,635
76,500003,-0.79085665456099,1,636
110,178,0.26315789473684,2.2160664819944,0.475,0.1,0.42105263157895,0.21052631578947,8
97,500005,1.1777092806787,1,197
142,500003,1.4803308206427,0,198
142,177,1,1,199
177,500003,1.4803308206427,1,200
45,500003,1.9393292031617,1,637
10,177,0.098696859645375,1,638
97,178,1,1,639
178,500005,1.1070192571794,0,640
110,177,0.25,2.1052631578947,0.5,0.10526315789474,0.44321329639889,0.21052631578947,6
97,500005,1.1777092806787,1,197
142,500003,1.4803308206427,0,198
142,177,1,1,199
177,500003,1.4803308206427,1,200
46,177,0.10235908078249,1,641
169,500002,-1.0356151005585,1,642
12,177,0.25,2.2160664819944,0.45125,0.1,0.44321329639889,0.22160664819944,7
97,500005,1.1777092806787,1,197
142,500003,1.4803308206427,0,198
142,177,1,1,199
177,500003,1.4803308206427,1,200
74,177,0.63972899563585,1,643
152,177,1.2442396313364,0,644
118,500004,1.2107913449507,1,645
98,178,0.26315789473684,2.1052631578947,0.45125,0.11080332409973,0.42105263157895,0.21052631578947,9
97,500005,1.1777092806787,1,197
142,500003,1.4803308206427,0,198
142,177,1,1,199
177,500003,1.4803308206427,1,200
49,177,1.9271217993713,1,646
110,500001,1.6899319437239,1,647
66,500004,-1.1254615924558,1,648
142,178,1,1,649
178,500003,1.4803308206427,1,650
110,178,0.25,2.1052631578947,0.45125,0.11080332409973,0.42105263157895,0.2,8
97,500005,1.1777092806787,1,197
142,500003,1.4803308206427,0,198
142,177,1,1,199
177,500003,1.4803308206427,1,200
21,500002,-0.65815101623677,1,651
176,177,-0.99166844691305,1,652
142,178,1,0,653
178,500003,1.4803308206427,1,654
98,177,0.2375,2.2160664819944,0.5,0.11080332409973,0.44321329639889,0.21052631578947,6
97,500005,1.197819372186,0,197
142,500003,1.4803308206427,1,198
142,177,1,1,199
177,500003,1.4803308206427,1,200
103,500003,-0.97885067293313,1,655
71,500002,-1.8535111545152,1,656
0,177,0.26315789473684,2.1052631578947,0.5,0.1,0.42105263157895,0.21052631578947,6
97,500005,1.1777092806787,1,197
142,500003,1.4803308206427,0,198
142,177,1,0,199
177,500003,1.4803308206427,1,200
70,500005,-1.258766441847,1,657
159,500003,-0.23175756096072,1,658
110,178,0.26315789473684,2.2160664819944,0.475,0.1,0.42105263157895,0.22160664819944,8
97,500005,1.1777092806787,1,197
142,500003,1.4803308206427,0,198
142,177,1,1,199
177,500003,1.4803308206427,1,200
63,500004,0.98141422772912,1,659
131,500004,-1.4427320169683,1,660
142,178,1,1,661
178,500003,1.4803308206427,0,662
16,178,0.26315789473684,2.2160664819944,0.475,0.1,0.44321329639889,0.2,9
97,500005,1.1777092806787,1,197
142,500003,1.4803308206427,1,198
142,177,1,1,199
177,500003,1.4803308206427,1,200
5,500002,-0.77108066042055,0,663
124,177,-0.42060609759819,1,664
13,500004,0.89974669637135,1,665
5,178,1,1,666
178,500002,-0.77108066042055,1,667
0,177,0.25,2.1052631578947,0.5,0.10526315789474,0.44321329639889,0.21052631578947,6
97,500005,1.1777092806787,1,197
142,500003,1.376995147557,0,198
142,177,1,1,199
177,500003,1.4803308206427,0,200
69,177,1.2391125217444,1,668
31,177,-0.75777459028901,1,669
105,2001,1,1,25
105,177,0.2375,2.1052631578947,0.52631578947368,0.095,0.38,0.2,5
74,500002,0.46259956663717,0,516
130,500005,1.2795190282907,1,517
91,500003,0.43061616870632,1,518
74,177,0.97600283822138,1,519
177,500002,0.46259956663717,0,520
105,177,0.2375,2.1052631578947,0.52631578947368,0.095,0.38,0.2,5
74,500002,0.46259956663717,0,516
130,500005,1.2795190282907,1,517
91,500003,0.43061616870632,1,518
74,177,0.97600283822138,1,519
177,500002,0.46259956663717,0,520
105,178,0.25,2.1052631578947,0.52631578947368,0.1,0.4,0.2,10
74,500002,0.46259956663717,0,516
130,500005,1.2795190282907,1,517
91,500003,0.43061616870632,1,518
74,177,0.97600283822138,0,519
177,500002,0.46259956663717,0,520
100,500005,-0.45295571764275,1,670
55,500001,-1.893185216834,1,671
109,500002,-1.9255348368786,1,672
74,178,1,1,673
178,177,0.97600283822138,1,674
105,178,0.225625,2.1052631578947,0.55401662049861,0.1,0.4,0.21052631578947,9
74,500002,0.46259956663717,0,516
130,500005,1.2795190282907,1,517
91,500003,0.43061616870632,1,518
74,177,0.97600283822138,1,519
177,500002,0.46259956663717,0,520
145,500004,-0.62569048127689,1,675
2,500001,-0.63374736777856,1,676
145,178,1,1,677
178,500004,-0.62569048127689,1,678
105,177,0.2375,2,0.52631578947368,0.095,0.38,0.2,7
74,500002,0.46259956663717,0,516
130,500005,1.2795190282907,1,517
91,500003,0.43061616870632,1,518
74,177,0.97600283822138,1,519
177,500002,0.46259956663717,0,520
158,500003,-1.2581560716575,0,679
110,500001,-0.99740592669454,1,680
0,177,0.25,2.1052631578947,0.5,0.095,0.4,0.2,8
74,500002,0.46259956663717,1,516
130,500005,1.2795190282907,1,517
91,500003,0.43061616870632,1,518
74,177,0.97600283822138,1,519
177,500002,0.46259956663717,0,520
115,500004,-1.3595722830897,1,681
13,500001,0.70650349436933,1,682
149,500003,-0.51509140293588,1,683
77,178,0.25,2.2160664819944,0.55401662049861,0.1,0.4,0.19,9
74,500002,0.46259956663717,1,516
130,500005,1.2795190282907,1,517
91,500003,0.43061616870632,1,518
74,177,0.97600283822138,0,519
177,500002,0.46259956663717,1,520
124,500002,0.63008514664144,1,684
156,500003,0.2800988799707,1,685
74,178,1,1,686
178,177,0.97600283822138,1,687
77,178,0.2375,2,0.52631578947368,0.1,0.38,0.2,9
74,500002,0.46259956663717,1,516
130,500005,1.2795190282907,1,517
91,500003,0.43061616870632,0,518
74,177,0.97600283822138,1,519
177,500002,0.46259956663717,0,520
136,500005,1.6332895901364,1,688
162,500003,-0.23932615131077,1,689
91,178,1,1,690
178,500003,0.43061616870632,1,691
77,178,0.2375,2,0.5,0.09025,0.38,0.21052631578947,9
74,500002,0.46259956663717,1,516
130,500005,1.2795190282907,0,517
91,500003,0.43061616870632,1,518
74,177,0.97600283822138,1,519
177,500002,0.46259956663717,0,520
174,500003,-1.7853938413648,1,692
162,500003,-0.27314065981017,1,693
130,178,1,1,694
178,500005,1.2795190282907,1,695
105,177,0.25,2,0.5,0.095,0.38,0.21052631578947,7
74,500002,0.46259956663717,0,516
130,500005,1.2795190282907,1,517
91,500003,0.43061616870632,1,518
74,177,0.97600283822138,1,519
177,500002,0.46259956663717,0,520
108,177,1.937742240669,1,696
134,177,-0.17438276314585,1,697
98,177,0.25,2.1052631578947,0.5,0.1,0.361,0.21052631578947,7
74,500002,0.46259956663717,0,516
130,500005,1.2795190282907,1,517
91,500003,0.43061616870632,1,518
74,177,0.97600283822138,1,519
177,500002,0.36518448438978,0,520
119,500004,0.49348429822687,1,698
79,500004,0.98214667195654,1,699
77,178,0.225625,2.1052631578947,0.52631578947368,0.1,0.361,0.19,9
74,500002,0.46259956663717,0,516
130,500005,1.2460066530351,1,517
91,500003,0.43061616870632,1,518
74,177,0.97600283822138,1,519
177,500002,0.46259956663717,0,520
7,500003,0.17792291024506,1,700
80,177,1.9841303750725,0,701
177,178,1,1,702
178,500002,0.46259956663717,1,703
5,178,0.2375,2.2160664819944,0.5,0.1,0.4,0.21052631578947,10
74,500002,0.46259956663717,1,516
130,500005,1.2795190282907,1,517
91,500003,0.43061616870632,0,518
74,177,0.97600283822138,1,519
177,500002,0.46259956663717,0,520
147,500004,1.5645619067965,1,704
114,500003,0.057924130985443,1,705
130,500004,1.828363902707,1,706
91,178,1,0,707
178,500003,0.42157353434858,1,708
77,177,0.225625,2.2160664819944,0.5,0.1,0.361,0.21052631578947,7
74,500002,0.46259956663717,1,516
130,500005,1.2795190282907,0,517
91,500003,0.43061616870632,1,518
74,177,0.97600283822138,1,519
177,500002,0.46259956663717,1,520
130,500005,0.67891476180303,1,709
53,500004,-0.48725852229377,1,710
77,178,0.225625,2,0.5,0.09025,0.4,0.2,9
74,500002,0.46259956663717,0,516
130,500005,1.2795190282907,1,517
91,500003,0.43061616870632,1,518
74,177,0.97600283822138,1,519
177,500002,0.46259956663717,1,520
156,177,-0.20551164281137,1,711
76,500004,-0.1546067690054,1,712
156,178,1,1,713
178,177,-0.20551164281137,1,714
76,177,0.25,2.2160664819944,0.52631578947368,0.095,0.361,0.19,7
74,500002,0.46259956663717,0,516
130,500005,1.2795190282907,1,517
91,500003,0.43061616870632,1,518
74,177,0.97600283822138,1,519
177,500002,0.46259956663717,0,520
141,500001,0.29007156590472,1,715
10,500003,1.1614734336375,1,716
95,177,0.2375,2.1052631578947,0.5,0.09025,0.361,0.19,7
74,500002,0.46259956663717,1,516
130,500005,1.2795190282907,1,517
91,500003,0.43061616870632,1,518
74,177,0.97600283822138,1,519
177,500002,0.46259956663717,0,520
6,500002,0.79146702475051,1,717
142,500002,1.9268776512955,1,718
77,177,0.25,2.1052631578947,0.5,0.095,0.361,0.19,7
74,500002,0.46259956663717,1,516
130,500005,1.2795190282907,1,517
91,500003,0.43061616870632,1,518
74,177,0.97600283822138,1,519
177,500002,0.46259956663717,1,520
46,500001,-1.1679433576464,1,719
41,500005,1.4993743705557,1,720
89,177,0.25,2.1052631578947,0.55401662049861,0.095,0.4,0.2,7
74,500002,0.46259956663717,1,516
130,500005,1.2795190282907,1,517
91,500003,0.43061616870632,1,518
74,177,0.97600283822138,1,519
177,500002,0.46259956663717,1,520
154,500005,-1.4133121738334,1,721
67,500001,-1.3161412396619,1,722
105,178,0.225625,2.1052631578947,0.55401662049861,0.1,0.38,0.2,9
74,500002,0.46259956663717,0,516
130,500005,1.2795190282907,1,517
91,500003,0.43061616870632,1,518
74,177,0.97600283822138,1,519
177,500002,0.46259956663717,0,520
6,500004,-0.20453505050813,1,723
2,500001,-0.32612079226051,0,724
2,178,1,0,725
178,500001,-0.32612079226051,1,726
77,178,0.2375,2,0.55401662049861,0.095,0.38,0.2,9
74,500002,0.46259956663717,0,516
130,500005,1.2795190282907,1,517
91,500003,0.43061616870632,1,518
74,177,0.97600283822138,1,519
177,500002,0.46259956663717,0,520
41,500004,-0.5158238471633,1,727
65,177,0.24518570513016,1,728
74,178,1,1,729
178,500002,0.46259956663717,1,730
105,177,0.2375,2.2160664819944,0.5,0.1,0.38,0.21052631578947,7
74,500002,0.46259956663717,0,516
130,500005,1.2795190282907,1,517
91,500003,0.43061616870632,1,518
74,177,0.97600283822138,1,519
177,500002,0.46259956663717,0,520
75,177,1.4565263832514,1,731
25,500001,-0.83211767937254,1,732
105,178,0.2375,2,0.55401662049861,0.09025,0.38,0.19,9
74,500002,0.46259956663717,0,516
130,500005,1.2795190282907,1,517
91,500003,0.43061616870632,1,518
74,177,0.97600283822138,1,519
177,500002,0.46259956663717,0,520
60,500005,-0.15094454786828,1,733
136,177,0.52388073366497,1,734
177,178,1,1,735
178,500002,0.46259956663717,0,736
105,178,0.25,2.1052631578947,0.55401662049861,0.09025,0.38,0.21052631578947,9
74,500002,0.46259956663717,0,516
130,500005,1.2795190282907,1,517
91,500003,0.43061616870632,1,518
74,177,0.97600283822138,1,519
177,500002,0.46259956663717,0,520
72,500002,-1.8895229956969,1,737
52,500003,1.5355082857753,1,738
52,178,1,1,739
178,500003,1.5355082857753,1,740
77,178,0.225625,2.2160664819944,0.55401662049861,0.1,0.38,0.19,9
74,500002,0.46259956663717,0,516
130,500005,1.2795190282907,1,517
91,500003,0.43061616870632,0,518
74,177,0.97600283822138,1,519
177,500002,0.46259956663717,1,520
42,500005,1.4380932035279,1,741
171,500003,0.33588671529282,1,742
91,178,1,1,743
178,500003,0.43061616870632,1,744
0,177,0.25,2.1052631578947,0.5,0.09025,0.361,0.2,7
74,500002,0.46259956663717,0,516
130,500005,1.2795190282907,1,517
91,500003,0.43061616870632,0,518
74,177,0.97600283822138,1,519
177,500002,0.40300487533189,1,520
41,500001,-0.2128360850856,1,745
158,500003,-1.8848841822565,1,746
105,1635,1,1,25
105,177,0.2375,1.9,0.475,0.1,0.42105263157895,0.2,4
38,500005,0.45161290322581,1,303
62,500003,1.9940183721427,0,304
62,177,0.92910855433821,1,305
177,500003,1.9940183721427,1,306
105,177,0.2375,1.9,0.475,0.1,0.42105263157895,0.2,4
38,500005,0.45161290322581,1,303
62,500003,1.9940183721427,0,304
62,177,0.92910855433821,1,305
177,500003,1.9940183721427,1,306
71,177,0.225625,2,0.45125,0.10526315789474,0.4,0.21052631578947,6
38,500005,0.45161290322581,1,303
62,500003,1.9940183721427,0,304
62,177,0.92910855433821,1,305
177,500003,1.9940183721427,1,306
164,500003,-0.83138523514512,1,747
85,500002,1.8052919095431,1,748
0,178,0.2375,1.9,0.45125,0.1,0.4,0.21052631578947,8
38,500005,0.45161290322581,1,303
62,500003,1.9940183721427,0,304
62,177,0.92910855433821,1,305
177,500003,1.9940183721427,1,306
5,177,-0.18085268715476,0,749
153,177,-1.9421369060335,1,750
5,178,1,1,751
178,177,-0.18085268715476,1,752
105,178,0.25,1.805,0.45125,0.095,0.4,0.21052631578947,8
38,500005,0.45161290322581,1,303
62,500003,1.9940183721427,0,304
62,177,0.92910855433821,1,305
177,500003,1.9940183721427,1,306
73,500001,-0.80831324198126,1,753
33,500004,-1.4610431226539,1,754
177,178,1,1,755
178,500003,1.9940183721427,1,756
103,178,0.25,2,0.5,0.10526315789474,0.4,0.2,8
38,500005,0.45161290322581,1,303
62,500003,1.9940183721427,0,304
62,177,0.92910855433821,1,305
177,500003,1.9940183721427,1,306
168,177,-1.3870662556841,0,757
99,500004,1.5805536057619,0,758
99,178,1,1,759
178,500004,1.5805536057619,1,760
105,177,0.25,1.805,0.45125,0.095,0.42105263157895,0.21052631578947,6
38,500005,0.45161290322581,1,303
62,500003,1.9940183721427,0,304
62,177,0.92910855433821,1,305
177,500003,2.0696455275124,1,306
63,500001,-0.086245307779168,1,761
123,500005,0.68453016754662,1,762
1,178,0.225625,1.805,0.475,0.1,0.4,0.2,8
38,500005,0.45161290322581,0,303
62,500003,1.9940183721427,0,304
62,177,0.92910855433821,1,305
177,500003,1.9940183721427,1,306
122,500001,1.0674764244514,1,763
12,500004,1.4362620929594,1,764
38,178,1,1,765
178,500005,0.45161290322581,0,766
105,178,0.2375,1.9,0.475,0.095,0.44321329639889,0.21052631578947,8
38,500005,0.45161290322581,1,303
62,500003,1.9940183721427,1,304
62,177,0.92910855433821,1,305
177,500003,1.9940183721427,1,306
4,500002,-1.8314157536546,1,767
90,500001,-1.7269203772088,0,768
90,178,1,1,769
178,500001,-1.7269203772088,1,770
0,178,0.225625,1.805,0.45125,0.1,0.44321329639889,0.19,8
38,500005,0.45161290322581,1,303
62,500003,1.9940183721427,0,304
62,177,0.92910855433821,1,305
177,500003,1.9940183721427,1,306
39,500001,1.1474349192785,1,771
115,177,-0.94894253364666,1,772
62,178,1,1,773
178,500003,1.9940183721427,0,774
5,178,0.225625,1.9,0.475,0.10526315789474,0.4,0.2,8
38,500005,0.45161290322581,1,303
62,500003,1.9940183721427,0,304
62,177,0.92910855433821,0,305
177,500003,1.9940183721427,1,306
141,500005,0.53999450666829,1,775
110,500003,0.37250892666402,0,776
110,178,1,1,777
178,500003,0.37250892666402,1,778
105,177,0.2375,1.805,0.45125,0.10526315789474,0.44321329639889,0.21052631578947,6
38,500005,0.45161290322581,1,303
62,500003,2.0007549315502,1,304
62,177,0.92910855433821,0,305
177,500003,1.9940183721427,1,306
119,500005,-1.1054414502396,1,779
159,500002,1.8140812402722,1,780
77,178,0.25,2,0.475,0.095,0.4,0.21052631578947,8
38,500005,0.45161290322581,1,303
62,500003,1.9940183721427,0,304
62,177,0.92910855433821,1,305
177,500003,1.9940183721427,1,306
155,500005,1.3204138309885,1,781
108,500001,1.1369365520188,1,782
177,178,1,1,783
178,500003,1.9940183721427,0,784
105,178,0.225625,1.9,0.475,0.095,0.4,0.21052631578947,8
38,500005,0.45161290322581,1,303
62,500003,1.9940183721427,1,304
62,177,0.92910855433821,0,305
177,500003,1.9940183721427,1,306
171,177,0.26190984832301,1,785
171,500003,1.5146336252937,1,786
62,178,1,1,787
178,177,0.92910855433821,1,788
0,178,0.25,1.805,0.5,0.10526315789474,0.4,0.2,8
38,500005,0.45161290322581,1,303
62,500003,1.9940183721427,0,304
62,177,0.92910855433821,0,305
177,500003,1.9940183721427,1,306
36,500002,-0.63777581102939,1,789
111,500004,-1.9805902279733,1,790
62,178,1,0,791
178,177,0.92910855433821,1,792
0,177,0.25,2,0.5,0.10526315789474,0.42105263157895,0.21052631578947,6
38,500005,0.36473795040903,1,303
62,500003,1.9940183721427,0,304
62,177,0.92910855433821,1,305
177,500003,1.9940183721427,0,306
60,500002,1.804193243202,1,793
91,500002,0.4331797235023,1,794
105,178,0.2375,2,0.475,0.095,0.4,0.19,8
38,500005,0.45161290322581,1,303
62,500003,1.9940183721427,1,304
62,177,0.92910855433821,0,305
177,500003,1.9940183721427,1,306
47,177,0.30500198370312,1,795
137,177,1.8768272957549,0,796
137,178,1,1,797
178,177,1.8768272957549,1,798
0,178,0.25,1.9,0.475,0.095,0.44321329639889,0.19,8
38,500005,0.45161290322581,1,303
62,500003,1.9940183721427,0,304
62,177,0.92910855433821,1,305
177,500003,1.9940183721427,0,306
150,500003,-0.5614795373394,1,799
85,177,-0.33881649220252,1,800
62,178,1,1,801
178,177,0.92910855433821,1,802
73,178,0.225625,2,0.475,0.1,0.44321329639889,0.21052631578947,8
38,500005,0.45161290322581,1,303
62,500003,1.9940183721427,0,304
62,177,0.92910855433821,1,305
177,500003,1.9940183721427,1,306
32,500002,-0.1116367076632,1,803
124,500001,1.7468184453871,1,804
62,178,1,1,805
178,500003,1.9940183721427,1,806
105,178,0.225625,1.9,0.475,0.10526315789474,0.4,0.2,8
38,500005,0.45161290322581,1,303
62,500003,1.9940183721427,0,304
62,177,0.92910855433821,1,305
177,500003,1.9940183721427,1,306
164,500002,-1.6258430738243,1,807
147,177,-0.86947233497116,1,808
177,178,1,1,809
178,500003,1.9940183721427,1,810
105,177,0.225625,1.805,0.5,0.1,0.42105263157895,0.21052631578947,5
38,500005,0.45161290322581,1,303
62,500003,1.9940183721427,0,304
62,177,0.92910855433821,1,305
177,500003,1.9940183721427,1,306
149,500001,-0.057878353221229,1,811
1,177,0.2375,1.9,0.475,0.1,0.4,0.2,6
38,500005,0.45161290322581,1,303
62,500003,1.9940183721427,0,304
62,177,0.92910855433821,1,305
177,500003,1.9940183721427,1,306
19,177,1.6151005584887,0,812
27,500005,-0.56233405560472,1,813
105,178,0.25,1.9,0.475,0.1,0.44321329639889,0.21052631578947,8
38,500005,0.45161290322581,1,303
62,500003,1.9940183721427,0,304
62,177,1.0054322946867,1,305
177,500003,1.9940183721427,0,306
99,500001,-0.61128574480422,1,814
10,500005,1.0516067995239,1,815
62,178,1,1,816
178,500003,1.9940183721427,1,817
78,178,0.25,2,0.475,0.095,0.42105263157895,0.19,8
38,500005,0.45161290322581,0,303
62,500003,1.9940183721427,0,304
62,177,0.92910855433821,1,305
177,500003,1.9940183721427,1,306
126,500001,1.4515213476974,1,818
9,500004,-1.8558305612354,1,819
38,178,1,1,820
178,500005,0.45161290322581,1,821
105,177,0.225625,1.805,0.475,0.10526315789474,0.44321329639889,0.19,5
38,500005,0.45161290322581,1,303
62,500003,1.9940183721427,0,304
62,177,0.92910855433821,1,305
177,500003,1.9940183721427,1,306
163,177,-0.86226996673482,1,822
71,177,0.2375,2,0.45125,0.10526315789474,0.4,0.2,6
38,500005,0.45161290322581,1,303
62,500003,1.9940183721427,0,304
62,177,0.92910855433821,1,305
177,500003,1.9476591500113,1,306
84,500002,1.6755272072512,1,823
98,500002,1.5374614703818,1,824
105,1678,1,1,25
105,177,0.25,2,0.5,0.10526315789474,0.42105263157895,0.21052631578947,4
87,500003,-1.3856013672292,0,547
90,500005,0.89107943968017,1,548
87,177,-1.6776024658956,1,549
177,500003,-1.3856013672292,1,550
105,177,0.25,2,0.5,0.10526315789474,0.42105263157895,0.21052631578947,4
87,500003,-1.3856013672292,0,547
90,500005,0.89107943968017,1,548
87,177,-1.6776024658956,1,549
177,500003,-1.3856013672292,1,550
0,178,0.25,2.1052631578947,0.52631578947368,0.11080332409973,0.42105263157895,0.22160664819944,8
87,500003,-1.3856013672292,0,547
90,500005,0.89107943968017,1,548
87,177,-1.6315964469016,1,549
177,500003,-1.3856013672292,1,550
112,500003,-0.069643238624226,1,825
149,500001,-1.9611804559465,1,826
87,178,1,1,827
178,500003,-1.3856013672292,1,828
3,178,0.25,1.9,0.475,0.11080332409973,0.4,0.2,7
87,500003,-1.3856013672292,0,547
90,500005,0.89107943968017,0,548
87,177,-1.6776024658956,1,549
177,500003,-1.3856013672292,1,550
96,500002,-1.950437940611,0,829
96,178,1,1,830
178,500002,-1.950437940611,1,831
105,177,0.26315789473684,2,0.475,0.11080332409973,0.4,0.22160664819944,6
87,500003,-1.3856013672292,0,547
90,500005,0.89107943968017,1,548
87,177,-1.6776024658956,1,549
177,500003,-1.3856013672292,1,550
59,500003,-0.99691763054292,1,832
52,500003,1.5947141941588,1,833
0,177,0.2375,1.9,0.475,0.1,0.44321329639889,0.21052631578947,6
87,500003,-1.3856013672292,1,547
90,500005,0.89107943968017,1,548
87,177,-1.6776024658956,1,549
177,500003,-1.3856013672292,1,550
87,500002,0.6137272255623,1,834
75,500003,-1.6031373027741,1,835
94,178,0.26315789473684,2.1052631578947,0.5,0.10526315789474,0.42105263157895,0.2,8
87,500003,-1.3856013672292,0,547
90,500005,0.89107943968017,1,548
87,177,-1.6776024658956,1,549
177,500003,-1.3856013672292,1,550
65,500001,1.2758568071535,1,836
139,500001,0.25287636951811,1,837
87,178,1,1,838
178,500003,-1.3856013672292,0,839
3,178,0.25,2.1052631578947,0.475,0.1,0.42105263157895,0.21052631578947,8
87,500003,-1.3856013672292,0,547
90,500005,0.89107943968017,1,548
87,177,-1.6776024658956,1,549
177,500003,-1.3856013672292,0,550
55,177,-0.52583391827143,1,840
49,500005,-1.0551469466231,1,841
177,178,1,1,842
178,500003,-1.3856013672292,1,843
105,177,0.26315789473684,1.9,0.5,0.11080332409973,0.42105263157895,0.22160664819944,6
87,500003,-1.3856013672292,0,547
90,500005,0.89107943968017,1,548
87,177,-1.6776024658956,1,549
177,500003,-1.3856013672292,1,550
105,500002,-1.8768272957549,1,844
119,500003,-0.60164189580981,1,845
105,178,0.2375,2.1052631578947,0.52631578947368,0.1,0.42105263157895,0.22160664819944,9
87,500003,-1.3856013672292,0,547
90,500005,0.89107943968017,0,548
87,177,-1.6776024658956,1,549
177,500003,-1.3856013672292,1,550
119,177,0.76375621814631,1,846
119,500004,1.5529648731956,1,847
134,500003,-0.94027527695547,1,848
90,178,1,1,849
178,500005,0.89107943968017,1,850
105,177,0.25,2.1052631578947,0.5,0.1,0.44321329639889,0.22160664819944,6
87,500003,-1.3856013672292,0,547
90,500005,0.89107943968017,1,548
87,177,-1.6776024658956,1,549
177,500003,-1.438731040376,1,550
26,500005,-0.16827906125065,1,851
114,177,0.62300485244301,1,852
105,177,0.25,2,0.52631578947368,0.10526315789474,0.44321329639889,0.21052631578947,6
87,500003,-1.3856013672292,0,547
90,500005,0.89107943968017,1,548
87,177,-1.680111408622,1,549
177,500003,-1.3856013672292,1,550
134,177,-0.3810541093173,1,853
109,500004,1.3199255348369,1,854
105,177,0.2375,1.9,0.5,0.1,0.42105263157895,0.22160664819944,6
87,500003,-1.3856013672292,0,547
90,500005,0.89107943968017,1,548
87,177,-1.6776024658956,1,549
177,500003,-1.3856013672292,1,550
74,500002,-0.92110965300455,1,855
81,500001,-0.95468001342814,1,856
105,178,0.25,2.1052631578947,0.52631578947368,0.10526315789474,0.44321329639889,0.21052631578947,8
87,500003,-1.3856013672292,0,547
90,500005,0.89107943968017,1,548
87,177,-1.6776024658956,1,549
177,500003,-1.3856013672292,1,550
20,500003,0.86202581865902,1,857
101,177,0.043641468550676,0,858
101,178,1,1,859
178,177,0.043641468550676,1,860
0,177,0.26315789473684,1.9,0.5,0.10526315789474,0.4,0.2,6
87,500003,-1.3856013672292,1,547
90,500005,0.89107943968017,1,548
87,177,-1.6776024658956,1,549
177,500003,-1.3856013672292,1,550
121,500005,0.82650227362896,1,861
133,177,0.71309549241615,1,862
105,177,0.26315789473684,1.9,0.5,0.11080332409973,0.42105263157895,0.2,6
87,500003,-1.3856013672292,0,547
90,500005,0.89107943968017,1,548
87,177,-1.6776024658956,1,549
177,500003,-1.3856013672292,1,550
111,500005,0.68111209448531,1,863
152,500002,1.9318826868496,0,864
105,178,0.2375,1.9,0.475,0.10526315789474,0.4,0.21052631578947,8
87,500003,-1.3856013672292,0,547
90,500005,0.89107943968017,1,548
87,177,-1.6776024658956,0,549
177,500003,-1.3856013672292,1,550
39,500005,-0.27643665883358,1,865
37,500005,1.0132755516221,1,866
87,178,1,1,867
178,177,-1.6776024658956,1,868
0,178,0.26315789473684,1.9,0.52631578947368,0.11080332409973,0.42105263157895,0.21052631578947,8
87,500003,-1.3856013672292,0,547
90,500005,0.89107943968017,1,548
87,177,-1.6776024658956,1,549
177,500003,-1.3856013672292,0,550
119,500001,-1.5810419019135,1,869
12,177,-0.18414868617817,1,870
177,178,1,0,871
178,500003,-1.3856013672292,1,872
105,177,0.26315789473684,2,0.5,0.1,0.4,0.22160664819944,6
87,500003,-1.3856013672292,0,547
90,500005,0.89107943968017,1,548
87,177,-1.6776024658956,1,549
177,500003,-1.3856013672292,1,550
171,177,-0.1819513534959,1,873
17,500003,-0.6961272011475,1,874
0,178,0.25,2,0.5,0.10526315789474,0.44321329639889,0.22160664819944,8
87,500003,-1.3856013672292,1,547
90,500005,0.89107943968017,1,548
87,177,-1.6776024658956,0,549
177,500003,-1.3856013672292,1,550
129,500004,-0.46418652912992,0,875
132,500001,-0.54841761528367,1,876
129,178,1,1,877
178,500004,-0.46418652912992,1,878
3,177,0.25,2.1052631578947,0.52631578947368,0.10526315789474,0.44321329639889,0.21052631578947,6
87,500003,-1.3856013672292,0,547
90,500005,0.89107943968017,0,548
87,177,-1.6776024658956,1,549
177,500003,-1.3856013672292,1,550
49,500005,0.36945707571642,1,879
108,500002,1.2056642353587,1,880
105,177,0.2375,2.1052631578947,0.475,0.10526315789474,0.44321329639889,0.2,6
87,500003,-1.3856013672292,0,547
90,500005,0.89107943968017,1,548
87,177,-1.6776024658956,1,549
177,500003,-1.3856013672292,1,550
146,500002,-0.71309549241615,1,881
71,500003,1.7235023041475,1,882
105,177,0.2375,1.9,0.475,0.10526315789474,0.44321329639889,0.2,6
87,500003,-1.3856013672292,0,547
90,500005,0.89107943968017,1,548
87,177,-1.6776024658956,1,549
177,500003,-1.3856013672292,1,550
63,500005,1.2739036225471,1,883
44,500001,-1.0806604205451,1,884
105,178,0.25,2,0.475,0.1,0.4,0.21052631578947,8
87,500003,-1.3856013672292,0,547
90,500005,0.89107943968017,0,548
87,177,-1.6776024658956,1,549
177,500003,-1.3856013672292,1,550
99,500003,-0.52558977019562,1,885
20,177,1.0925016022217,0,886
90,178,1,1,887
178,500005,0.89107943968017,1,888
105,178,0.25,2.1052631578947,0.475,0.1,0.44321329639889,0.2,8
87,500003,-1.3856013672292,0,547
90,500005,0.89107943968017,1,548
87,177,-1.6776024658956,1,549
177,500003,-1.3856013672292,0,550
177,500003,-0.7790154728843,1,889
85,177,0.06244087038789,1,890
177,178,1,1,891
178,500003,-1.3856013672292,1,892
0,177,0.25,1.9,0.475,0.11080332409973,0.42105263157895,0.2,5
87,500003,-1.3856013672292,1,547
90,500005,0.89107943968017,1,548
87,177,-1.6776024658956,1,549
177,500003,-1.3856013672292,1,550
81,500004,0.44892727439192,1,893
105,1348,0,0,17
98,176,0.26315789473684,2,0.5,0.10526315789474,0.42105263157895,0.21052631578947,2
118,500003,0.23822748496963,1,541
28,500001,1.403234640757,1,542
98,176,0.26315789473684,2,0.5,0.10526315789474,0.42105263157895,0.21052631578947,2
118,500003,0.23822748496963,1,541
28,500001,1.403234640757,1,542
98,176,0.27700831024931,1.9,0.475,0.10526315789474,0.42105263157895,0.21052631578947,4
118,500003,0.23822748496963,1,541
28,500001,1.403234640757,1,542
21,500001,-0.67622913296915,1,894
71,500003,0.93771172215949,1,895
98,176,0.25,2.1052631578947,0.5,0.10526315789474,0.44321329639889,0.21052631578947,4
118,500003,0.23822748496963,1,541
28,500001,1.403234640757,1,542
91,500001,-1.7971129490036,1,900
102,500005,0.37067781609546,0,901
98,176,0.25,2.1052631578947,0.52631578947368,0.11080332409973,0.42105263157895,0.2,4
118,500003,0.23822748496963,1,541
28,500001,1.403234640757,1,542
38,500004,-0.036927396465957,1,902
11,500005,-0.40961943418683,1,903
10,176,0.26315789473684,2,0.52631578947368,0.10526315789474,0.44321329639889,0.21052631578947,4
118,500003,0.23822748496963,1,541
28,500001,1.403234640757,1,542
136,500001,0.51997436445204,1,904
91,500005,1.3005157628101,1,905
98,176,0.25,2.1052631578947,0.5,0.11080332409973,0.44321329639889,0.21052631578947,4
118,500003,0.23822748496963,1,541
28,500001,1.403234640757,1,542
48,500003,-1.1894283883175,1,906
155,500001,-1.4039124729148,1,907
78,176,0.27700831024931,2.1052631578947,0.475,0.10526315789474,0.44321329639889,0.21052631578947,4
118,500003,0.23822748496963,1,541
28,500001,1.403234640757,1,542
46,500001,1.7331461531419,1,908
144,500001,-1.4766685995056,1,909
105,176,0.25,1.9,0.52631578947368,0.10526315789474,0.44321329639889,0.22160664819944,4
118,500003,0.23822748496963,1,541
28,500001,1.403234640757,1,542
21,500005,-0.42097231971191,1,910
57,500005,0.38862269966735,1,911
68,176,0.25,2.1052631578947,0.5,0.1,0.4,0.2,4
118,500003,0.23822748496963,1,541
28,500001,1.403234640757,1,542
59,500002,0.039124729148229,1,920
161,500005,1.6998199407941,1,921
98,176,0.27700831024931,2.1052631578947,0.475,0.10526315789474,0.42105263157895,0.2,4
118,500003,0.23822748496963,1,541
28,500001,1.403234640757,1,542
89,500002,-1.9382305368206,1,922
28,500003,-0.79659413434248,1,923
9,176,0.26315789473684,2,0.475,0.11080332409973,0.4,0.22160664819944,4
118,500003,0.23822748496963,1,541
28,500001,1.403234640757,1,542
154,500005,0.15472884304331,1,924
114,500002,0.45161290322581,1,925
98,176,0.26315789473684,2,0.5,0.1,0.42105263157895,0.2,4
118,500003,0.23822748496963,1,541
28,500001,1.403234640757,1,542
166,500003,-1.1886959440901,1,926
113,500001,-0.67146824549089,1,927
98,176,0.27700831024931,2,0.5,0.10526315789474,0.4,0.21052631578947,4
118,500003,0.23822748496963,1,541
28,500001,1.403234640757,1,542
88,500004,-1.6658833582568,1,928
51,500001,-0.972191212918,1,929
0,176,0.25,1.9,0.475,0.1,0.44321329639889,0.2,4
118,500003,0.23822748496963,0,541
28,500001,1.403234640757,1,542
151,500002,0.3319803460799,1,930
163,500004,-1.8975798821986,1,931
98,176,0.25,1.9,0.52631578947368,0.1,0.42105263157895,0.21052631578947,4
118,500003,0.23822748496963,1,541
28,500001,1.403234640757,0,542
43,500005,-0.046571245460372,1,936
100,500004,-1.9165013580737,1,937
98,176,0.27700831024931,2.1052631578947,0.475,0.11080332409973,0.42105263157895,0.22160664819944,4
118,500003,0.23822748496963,1,541
28,500001,1.3392522897547,1,542
66,500003,0.79366435743278,1,942
81,500002,-1.1623279519028,1,943
98,176,0.27700831024931,1.9,0.52631578947368,0.1,0.4,0.22160664819944,4
118,500003,0.23822748496963,1,541
28,500001,1.403234640757,1,542
80,500002,-0.67049165318766,1,944
4,500003,1.3856013672292,1,945
98,1898,1,1,23
98,177,0.2375,1.9,0.52631578947368,0.1,0.4,0.2,4
66,500003,1.8441114535966,0,331
18,500003,-1.6273079622791,1,332
66,177,1,1,333
177,500003,1.8441114535966,1,334
98,177,0.2375,1.9,0.52631578947368,0.1,0.4,0.2,4
66,500003,1.8441114535966,0,331
18,500003,-1.6273079622791,1,332
66,177,1,1,333
177,500003,1.8441114535966,1,334
89,178,0.225625,1.9,0.52631578947368,0.095,0.42105263157895,0.19,8
66,500003,1.8441114535966,0,331
18,500003,-1.6273079622791,0,332
66,177,1,1,333
177,500003,1.8441114535966,1,334
41,500003,-0.33466597491379,1,950
103,500002,1.6749168370617,1,951
18,178,1,1,952
178,500003,-1.6273079622791,1,953
0,177,0.225625,2,0.55401662049861,0.1,0.4,0.2,6
66,500003,1.8441114535966,0,331
18,500003,-1.6273079622791,1,332
66,177,1,1,333
177,500003,1.8441114535966,0,334
52,177,-1.9862056337168,1,954
71,177,-1.2022003845332,1,955
98,177,0.25,1.9,0.55401662049861,0.1,0.42105263157895,0.21052631578947,6
66,500003,1.8441114535966,1,331
18,500003,-1.6273079622791,1,332
66,177,1,1,333
177,500003,1.8441114535966,1,334
92,500005,-0.18659016693625,1,956
114,500001,-0.96578875087741,1,957
98,178,0.2375,1.9,0.55401662049861,0.1,0.38,0.19,8
66,500003,1.8441114535966,0,331
18,500003,-1.6273079622791,1,332
66,177,1,1,333
177,500003,1.8441114535966,1,334
154,500004,-0.34968108157598,1,958
106,500004,0.74593340861232,0,959
106,178,1,1,960
178,500004,0.74593340861232,1,961
0,178,0.225625,2,0.55401662049861,0.1,0.38,0.21052631578947,8
66,500003,1.8441114535966,0,331
18,500003,-1.6273079622791,1,332
66,177,1,0,333
177,500003,1.8441114535966,1,334
115,177,-1.1740470595416,0,962
97,500005,1.251075777459,1,963
115,178,1,1,964
178,177,-1.1740470595416,1,965
98,177,0.2375,1.805,0.5,0.1,0.4,0.2,6
66,500003,1.8441114535966,1,331
18,500003,-1.6273079622791,1,332
66,177,1,1,333
177,500003,1.8441114535966,0,334
73,500004,-1.6149784844508,1,966
165,500002,1.3887752922147,1,967
98,177,0.25,1.9,0.5,0.10526315789474,0.4,0.2,6
66,500003,1.8441114535966,0,331
18,500003,-1.6273079622791,1,332
66,177,1,1,333
177,500003,1.8441114535966,1,334
142,500005,-0.31623279519028,1,968
155,500003,0.81295205542161,1,969
98,178,0.25,2,0.55401662049861,0.1,0.38,0.2,8
66,500003,1.8441114535966,0,331
18,500003,-1.6273079622791,1,332
66,177,0.96978972746971,1,333
177,500003,1.8441114535966,1,334
66,500003,-1.078218939787,1,970
138,500001,-0.66414380321665,1,971
66,178,1,1,972
178,500003,1.8441114535966,0,973
98,178,0.2375,2,0.55401662049861,0.095,0.42105263157895,0.19,8
66,500003,1.8441114535966,0,331
18,500003,-1.6273079622791,1,332
66,177,1,1,333
177,500003,1.8441114535966,0,334
23,177,-0.31086153752251,1,974
11,500004,1.248512222663,1,975
177,178,1.0035225989563,1,976
178,500003,1.8441114535966,1,977
2,178,0.225625,2,0.52631578947368,0.095,0.42105263157895,0.21052631578947,8
66,500003,1.8441114535966,1,331
18,500003,-1.6273079622791,1,332
66,177,1,1,333
177,500003,1.8441114535966,0,334
8,500001,0.66939298684652,1,978
38,500005,1.4069643238624,1,979
177,178,1,1,980
178,500003,1.8441114535966,1,981
98,177,0.225625,2,0.52631578947368,0.10526315789474,0.4,0.19,6
66,500003,1.8441114535966,1,331
18,500003,-1.6273079622791,1,332
66,177,1,1,333
177,500003,1.8441114535966,1,334
20,500002,-1.5053399360396,1,982
169,500005,-1.2385021515549,1,983
98,177,0.2375,1.9,0.55401662049861,0.10526315789474,0.42105263157895,0.21052631578947,6
66,500003,1.8441114535966,0,331
18,500003,-1.6273079622791,1,332
66,177,1,1,333
177,500003,1.8441114535966,0,334
25,500003,1.6309701834162,1,984
46,500004,0.28498184148686,1,985
98,178,0.25,2,0.52631578947368,0.1,0.42105263157895,0.2,8
66,500003,1.8441114535966,0,331
18,500003,-1.6273079622791,0,332
66,177,1,1,333
177,500003,1.8441114535966,1,334
132,500004,-0.49922177800836,1,986
66,500004,-1.982177190466,1,987
18,178,1,0,988
178,500003,-1.6273079622791,1,989
98,178,0.2375,1.9,0.52631578947368,0.095,0.38,0.19,8
66,500003,1.8441114535966,0,331
18,500003,-1.6273079622791,1,332
66,177,1,1,333
177,500003,1.8441114535966,1,334
176,500001,-0.53767509994812,1,990
11,500001,-1.2018799401837,0,991
11,178,1,1,992
178,500001,-1.2018799401837,1,993
98,178,0.2375,2,0.55401662049861,0.095,0.4,0.21052631578947,8
66,500003,1.8441114535966,1,331
18,500003,-1.6273079622791,0,332
66,177,1,1,333
177,500003,1.8441114535966,1,334
89,500004,0.21442304757836,1,994
60,500002,-1.3683889278848,0,995
18,178,1,1,996
178,500003,-1.6273079622791,1,997
82,178,0.25,1.9,0.5,0.095,0.4,0.2,7
66,500003,1.8441114535966,1,331
18,500003,-1.6273079622791,1,332
66,177,1,1,333
177,500003,1.8217494735557,1,334
102,500001,1.4875331888791,0,998
102,178,1,1,999
178,500001,1.4875331888791,1,1000
98,178,0.25,1.9,0.52631578947368,0.10526315789474,0.38,0.21052631578947,8
66,500003,1.8441114535966,1,331
18,500003,-1.6273079622791,1,332
66,177,1,1,333
177,500003,1.8441114535966,1,334
162,177,0.65730765709403,1,1001
144,500004,-1.0290231025117,1,1002
66,178,1,1,1003
178,500003,1.8441114535966,0,1004
98,177,0.225625,2,0.52631578947368,0.095,0.38,0.21052631578947,6
66,500003,1.8441114535966,0,331
18,500003,-1.6273079622791,1,332
66,177,1,1,333
177,500003,1.8441114535966,1,334
60,500003,-1.2881862849818,1,1005
116,177,-0.021057771538438,0,1006
68,178,0.2375,1.805,0.52631578947368,0.095,0.38,0.19,8
66,500003,1.8441114535966,0,331
18,500003,-1.6273079622791,1,332
66,177,1,1,333
177,500003,1.8441114535966,1,334
80,500002,-0.90939054536576,1,1007
98,500001,1.5198828089236,1,1008
66,178,1,1,1009
178,500003,1.8441114535966,0,1010
89,178,0.2375,2,0.52631578947368,0.10526315789474,0.4,0.19,8
66,500003,1.8441114535966,0,331
18,500003,-1.6273079622791,1,332
66,177,1,1,333
177,500003,1.8441114535966,1,334
40,500002,0.94186223944823,1,1011
127,500003,1.9467757194739,0,1012
127,178,1,1,1013
178,500003,1.9467757194739,1,1014
98,178,0.225625,2,0.5,0.095,0.38,0.19,8
66,500003,1.8441114535966,0,331
18,500003,-1.6273079622791,1,332
66,177,1,1,333
177,500003,1.8441114535966,1,334
35,177,1.5223242896817,1,1015
47,500004,0.26679280983917,1,1016
18,178,1,1,1017
178,500003,-1.6273079622791,1,1018
98,177,0.25,2,0.52631578947368,0.1,0.4,0.19,6
66,500003,1.8441114535966,0,331
18,500003,-1.6273079622791,1,332
66,177,1,1,333
177,500003,1.8441114535966,1,334
95,500002,-1.0643024994659,1,1019
145,177,0.14972380748924,1,1020
105,1934,0,0,23
98,177,0.2375,2,0.5,0.10526315789474,0.38,0.21052631578947,4
160,500002,0.031257378652785,1,91
116,500003,0.75057222205267,1,92
160,177,1,1,93
177,500002,0.071840571306498,1,94
98,177,0.2375,2,0.5,0.10526315789474,0.38,0.21052631578947,4
160,500002,0.031257378652785,1,91
116,500003,0.75057222205267,1,92
160,177,1,1,93
177,500002,0.071840571306498,1,94
71,177,0.25,2.1052631578947,0.5,0.10526315789474,0.4,0.21052631578947,6
160,500002,0.031257378652785,1,91
116,500003,0.75057222205267,1,92
160,177,1,1,93
177,500002,0.071840571306498,0,94
118,177,0.35419782097842,1,1021
146,500002,0.92904446546831,1,1022
98,178,0.2375,2.1052631578947,0.475,0.11080332409973,0.361,0.21052631578947,8
160,500002,0.031257378652785,1,91
116,500003,0.75057222205267,1,92
160,177,1,1,93
177,500002,0.071840571306498,1,94
39,500001,-0.80758079775384,1,1023
153,177,1.5610217596973,0,1024
153,178,1,1,1025
178,177,1.5610217596973,0,1026
89,177,0.2375,1.9,0.5,0.1,0.4,0.2,6
160,500002,0.031257378652785,1,91
116,500003,0.75057222205267,1,92
160,177,1,1,93
177,500002,0.071840571306498,1,94
34,500005,1.9941404461806,1,1027
144,177,0.33075960570086,1,1028
105,178,0.2375,2.1052631578947,0.52631578947368,0.11080332409973,0.4,0.21052631578947,8
160,500002,0.031257378652785,0,91
116,500003,0.75057222205267,1,92
160,177,1,1,93
177,500002,0.071840571306498,1,94
52,500005,1.9890133365886,1,1029
13,500005,-1.2309335612049,1,1030
160,178,1,1,1031
178,500002,0.031257378652785,1,1032
49,177,0.2375,2,0.5,0.1,0.4,0.2,6
160,500002,0.031257378652785,1,91
116,500003,0.75057222205267,1,92
160,177,1,1,93
177,500002,0.071840571306498,1,94
152,500004,1.0052186651204,0,1033
100,500003,-0.98202459791864,1,1034
0,178,0.2375,2,0.475,0.1,0.38,0.2,8
160,500002,0.031257378652785,1,91
116,500003,0.75057222205267,1,92
160,177,1,1,93
177,500002,0.071840571306498,1,94
19,500005,-0.47749259926145,0,1035
133,500003,-1.4334543900876,1,1036
19,178,1,1,1037
178,500005,-0.47749259926145,1,1038
89,177,0.2375,2,0.475,0.10526315789474,0.361,0.2,6
160,500002,0.031257378652785,1,91
116,500003,0.67064263949769,1,92
160,177,1,1,93
177,500002,0.071840571306498,1,94
68,177,0.80770287179174,1,1039
27,500005,1.3804742576373,1,1040
98,177,0.25,1.9,0.475,0.10526315789474,0.38,0.21052631578947,6
160,500002,0.031257378652785,1,91
116,500003,0.81805025274144,1,92
160,177,1,1,93
177,500002,0.071840571306498,1,94
128,500004,-0.53071687978759,1,1041
171,500003,-1.8991668446913,1,1042
98,177,0.225625,2.1052631578947,0.52631578947368,0.1,0.361,0.21052631578947,6
160,500002,-0.02538192308372,1,91
116,500003,0.75057222205267,1,92
160,177,1,1,93
177,500002,0.071840571306498,1,94
18,177,0.79696035645619,1,1043
38,500005,1.960570085757,0,1044
89,178,0.2375,1.9,0.52631578947368,0.11080332409973,0.4,0.22160664819944,8
160,500002,0.031257378652785,0,91
116,500003,0.75057222205267,1,92
160,177,1,1,93
177,500002,0.071840571306498,1,94
57,500002,0.076967680898465,1,1045
31,500002,-1.3857234412671,1,1046
160,178,1,1,1047
178,500002,0.031257378652785,1,1048
98,178,0.2375,2,0.475,0.10526315789474,0.38,0.21052631578947,8
160,500002,0.031257378652785,1,91
116,500003,0.75057222205267,1,92
160,177,1,1,93
177,500002,0.071840571306498,1,94
13,177,0.82821131015961,0,1049
109,500005,1.9055146946623,1,1050
109,178,1,1,1051
178,500005,1.9055146946623,1,1052
89,177,0.225625,2,0.475,0.1,0.38,0.22160664819944,6
160,500002,0.031257378652785,1,91
116,500003,0.75057222205267,1,92
160,177,1,1,93
177,500002,0.071840571306498,1,94
46,500005,-1.8109073152867,1,1053
75,500001,0.46259956663717,1,1054
98,178,0.225625,2,0.5,0.11080332409973,0.361,0.2,8
160,500002,0.031257378652785,0,91
116,500003,0.75057222205267,1,92
160,177,1,1,93
177,500002,0.071840571306498,1,94
55,500003,-0.49018829920347,1,1055
35,500002,-1.4925382244331,1,1056
160,178,1,1,1057
178,500002,0.031257378652785,1,1058
98,178,0.2375,2.1052631578947,0.475,0.1,0.4,0.21052631578947,9
160,500002,0.031257378652785,1,91
116,500003,0.75057222205267,1,92
160,177,1,0,93
177,500002,0.071840571306498,1,94
64,500001,-0.36347544785913,1,1059
25,500004,-0.21149327066866,1,1060
140,500005,1.0204779198584,0,1061
160,178,1,1,1062
178,177,1,1,1063
98,178,0.2375,2,0.475,0.1,0.4,0.2,8
160,500002,0.031257378652785,1,91
116,500003,0.75057222205267,1,92
160,177,1,1,93
177,500002,0.071840571306498,1,94
106,500002,-0.90389721366008,1,1064
116,500002,-0.68672750022889,0,1065
116,178,1,1,1066
178,500002,-0.68672750022889,1,1067
98,177,0.25,2.1052631578947,0.475,0.10526315789474,0.38,0.22160664819944,6
160,500002,0.031257378652785,1,91
116,500003,0.75057222205267,1,92
160,177,1,1,93
177,500002,0.071840571306498,0,94
76,500001,-0.89095736564226,1,1068
177,177,1.7106845301675,1,1069
71,177,0.2375,2.1052631578947,0.5,0.11080332409973,0.361,0.22160664819944,7
160,500002,0.031257378652785,1,91
116,500003,0.75057222205267,1,92
160,177,1,1,93
177,500002,0.071840571306498,1,94
70,500002,1.2664571062349,1,1070
133,500002,0.75716422009949,1,1071
77,500005,-0.45844904934843,1,1072
98,177,0.225625,1.9,0.5,0.1,0.361,0.22160664819944,6
160,500002,0.031257378652785,1,91
116,500003,0.75057222205267,1,92
160,177,1,1,93
177,500002,0.071840571306498,1,94
41,500001,0.68001342814417,1,1073
91,500002,1.4127018036439,1,1074
1,177,0.225625,2,0.52631578947368,0.1,0.361,0.21052631578947,6
160,500002,0.031257378652785,1,91
116,500003,0.75057222205267,1,92
160,177,1,1,93
177,500002,0.071840571306498,1,94
71,500003,-0.76338999603259,1,1075
154,500004,0.74446852015748,1,1076
98,177,0.2375,1.9,0.5,0.1,0.4,0.2,6
160,500002,0.031257378652785,1,91
116,500003,0.75057222205267,1,92
160,177,1,0,93
177,500002,0.071840571306498,1,94
2,500001,-0.72005371257668,1,1077
68,500005,1.6149784844508,1,1078
105,177,0.2375,2.1052631578947,0.475,0.1,0.38,0.21052631578947,6
160,500002,0.031257378652785,1,91
116,500003,0.75057222205267,1,92
160,177,1,1,93
177,500002,0.071840571306498,1,94
15,500005,-0.48176519058809,1,1079
64,500005,1.9919431134983,1,1080
98,177,0.225625,2.1052631578947,0.475,0.1,0.4,0.21052631578947,6
160,500002,0.031257378652785,1,91
116,500003,0.75057222205267,1,92
160,177,1,1,93
177,500002,0.15929746391187,1,94
15,500001,1.3635059663686,1,1081
106,500005,-1.7209387493515,1,1082
105,1184,0,0,14
98,176,0.25,2,0.475,0.10526315789474,0.38,0.19,2
140,500004,-1.9038056581317,0,157
129,500003,1.6568498794519,1,158
98,176,0.25,2,0.475,0.10526315789474,0.38,0.19,2
140,500004,-1.9038056581317,0,157
129,500003,1.6568498794519,1,158
0,176,0.25,1.9,0.5,0.1,0.361,0.19,4
140,500004,-1.9038056581317,0,157
129,500003,1.6568498794519,0,158
130,500005,1.1803949095126,1,1083
105,500002,0.41096224860378,1,1084
98,176,0.2375,2,0.45125,0.1,0.361,0.2,4
140,500004,-1.9038056581317,0,157
129,500003,1.6568498794519,1,158
4,500003,-0.90182195501572,1,1085
161,500004,-0.12762840662862,1,1086
98,176,0.2375,1.9,0.475,0.10526315789474,0.361,0.1805,4
140,500004,-1.9038056581317,0,157
129,500003,1.6568498794519,1,158
107,500005,-0.50593585009308,1,1087
141,500004,-0.10882900479141,1,1088
98,176,0.25,2,0.475,0.11080332409973,0.4,0.1805,4
140,500004,-1.805148869881,0,157
129,500003,1.6568498794519,1,158
43,500001,-1.5699331644642,1,1089
112,500001,1.996215704825,0,1090
98,176,0.2375,2,0.5,0.11080332409973,0.361,0.1805,4
140,500004,-1.9038056581317,1,157
129,500003,1.6568498794519,1,158
103,500005,-0.98507644886624,1,1100
56,500001,-1.3555711539048,0,1101
98,177,0.25,1.9,0.5,0.10526315789474,0.361,0.2,5
140,500004,-1.9038056581317,0,157
129,500003,1.6568498794519,1,158
118,500003,-1.6768700216681,1,1102
129,177,1,1,1103
177,500003,1.6568498794519,1,1104
89,176,0.25,2.1052631578947,0.475,0.1,0.38,0.19,4
140,500004,-1.9038056581317,1,157
129,500003,1.6568498794519,1,158
103,500001,0.518753624073,1,1117
18,500001,0.19953001495407,1,1118
98,176,0.2375,2,0.5,0.10526315789474,0.361,0.1805,4
140,500004,-1.9038056581317,0,157
129,500003,1.6568498794519,1,158
33,500003,1.8942838831751,1,1123
45,500005,0.5860164189581,1,1124
98,176,0.25,2.1052631578947,0.45125,0.11080332409973,0.361,0.1805,4
140,500004,-1.9038056581317,0,157
129,500003,1.5631842623909,1,158
83,500003,-0.30903042695395,1,1125
94,500002,-0.77486495559557,0,1126
98,176,0.26315789473684,2,0.5,0.1,0.361,0.19,4
140,500004,-1.2243415631581,0,157
129,500003,1.6568498794519,1,158
7,500005,1.8211615344707,1,1139
133,500002,-1.0708944975127,1,1140
98,176,0.25,2.1052631578947,0.45125,0.1,0.38,0.1805,4
140,500004,-1.9038056581317,0,157
129,500003,1.6568498794519,1,158
145,500002,-0.65730765709403,1,1141
11,500001,-1.8388622699667,1,1142
105,176,0.2375,2,0.475,0.1,0.361,0.2,4
140,500004,-1.9038056581317,0,157
129,500003,1.6568498794519,1,158
29,500004,0.91134372997223,0,1143
130,500005,0.45661793877987,1,1144
10,176,0.26315789473684,2.1052631578947,0.475,0.10526315789474,0.38,0.1805,5
140,500004,-1.881186623898,0,157
129,500003,1.6568498794519,1,158
98,500003,0.031434064760277,1,1145
13,500004,1.9182103946043,1,1146
4,500004,0.3871578112125,1,1147
14,41,1,1,3
14,177,0.2375,2.1052631578947,0.475,0.10526315789474,0.42105263157895,0.2,4
11,500002,0.77718436231574,1,225
154,500003,1.4739829706717,0,226
154,177,1,1,227
177,500003,1.4739829706717,1,228
14,177,0.2375,2.1052631578947,0.475,0.10526315789474,0.42105263157895,0.2,4
11,500002,0.77718436231574,1,225
154,500003,1.4739829706717,0,226
154,177,1,1,227
177,500003,1.4739829706717,1,228
13,178,0.2375,2.1052631578947,0.475,0.11080332409973,0.42105263157895,0.21052631578947,8
11,500002,0.77718436231574,1,225
154,500003,1.4739829706717,0,226
154,177,1,1,227
177,500003,1.4739829706717,1,228
95,500003,1.6939603869747,1,1148
111,500001,0.033387249366741,1,1149
177,178,1,1,1150
178,500003,1.4739829706717,1,1151
14,177,0.25,2.2160664819944,0.45125,0.1,0.42105263157895,0.21052631578947,7
11,500002,0.77718436231574,1,225
154,500003,1.4739829706717,0,226
154,177,1,1,227
177,500003,1.4739829706717,1,228
146,500005,1.0393993957335,1,1152
170,500002,1.4676351207007,1,1153
13,500001,-1.2927030243843,1,1154
10,10,1,1,1
10,176,0.26315789473684,1.9,0.5,0.10526315789474,0.4,0.21052631578947,2
125,500003,0.34040345469527,1,361
107,500001,-0.49909970397046,1,362
10,176,0.26315789473684,1.9,0.5,0.10526315789474,0.4,0.21052631578947,2
125,500003,0.34040345469527,1,361
107,500001,-0.49909970397046,1,362
98,98,0,0,1
98,177,0.25,2.1052631578947,0.475,0.1,0.4,0.21052631578947,6
118,500003,0.23822748496963,1,541
28,500001,1.403234640757,1,542
151,500002,-0.22724082155828,0,896
167,500001,1.1536606952116,1,897
151,177,0.93449201940977,1,898
177,500002,-0.22724082155828,1,899
98,177,0.25,2.1052631578947,0.475,0.1,0.4,0.21052631578947,6
118,500003,0.23822748496963,1,541
28,500001,1.403234640757,1,542
151,500002,-0.22724082155828,0,896
167,500001,1.1536606952116,1,897
151,177,0.93449201940977,1,898
177,500002,-0.22724082155828,1,899
86,86,0,0,1
86,177,0.27700831024931,2,0.52631578947368,0.11080332409973,0.44321329639889,0.2,6
118,500003,0.23822748496963,1,541
28,500001,1.403234640757,0,542
83,500005,1.5480819116794,1,912
4,500001,-1.6296273689993,1,913
28,177,1,1,914
177,500001,1.403234640757,1,915
86,177,0.27700831024931,2,0.52631578947368,0.11080332409973,0.44321329639889,0.2,6
118,500003,0.23822748496963,1,541
28,500001,1.403234640757,0,542
83,500005,1.5480819116794,1,912
4,500001,-1.6296273689993,1,913
28,177,1,1,914
177,500001,1.403234640757,1,915
89,89,0,0,1
89,177,0.25,2,0.52631578947368,0.10526315789474,0.44321329639889,0.21052631578947,6
118,500003,0.23822748496963,1,541
28,500001,1.403234640757,1,542
6,500003,-1.5264748069704,1,916
63,500002,1.7758720664083,0,917
63,177,1,1,918
177,500002,1.7758720664083,1,919
89,177,0.25,2,0.52631578947368,0.10526315789474,0.44321329639889,0.21052631578947,6
118,500003,0.23822748496963,1,541
28,500001,1.403234640757,1,542
6,500003,-1.5264748069704,1,916
63,500002,1.7758720664083,0,917
63,177,1,1,918
177,500002,1.7758720664083,1,919
98,98,0,0,1
98,177,0.26315789473684,2.1052631578947,0.475,0.11080332409973,0.42105263157895,0.21052631578947,6
118,500003,0.23822748496963,1,541
28,500001,1.403234640757,1,542
160,500003,0.84151738029115,0,932
33,500004,-1.8289742728965,1,933
160,177,1,1,934
177,500003,0.84151738029115,1,935
98,177,0.26315789473684,2.1052631578947,0.475,0.11080332409973,0.42105263157895,0.21052631578947,6
118,500003,0.23822748496963,1,541
28,500001,1.403234640757,1,542
160,500003,0.84151738029115,0,932
33,500004,-1.8289742728965,1,933
160,177,1,1,934
177,500003,0.84151738029115,1,935
98,98,0,0,1
98,177,0.26315789473684,2.1052631578947,0.475,0.1,0.4,0.21052631578947,6
118,500003,0.23822748496963,0,541
28,500001,1.403234640757,1,542
48,500004,-1.8018738364818,1,938
38,500002,0.18866542558061,0,939
118,177,1,1,940
177,500003,0.23822748496963,1,941
98,177,0.26315789473684,2.1052631578947,0.475,0.1,0.4,0.21052631578947,6
118,500003,0.23822748496963,0,541
28,500001,1.403234640757,1,542
48,500004,-1.8018738364818,1,938
38,500002,0.18866542558061,0,939
118,177,1,1,940
177,500003,0.23822748496963,1,941
98,98,0,0,1
98,177,0.26315789473684,2.1052631578947,0.5,0.10526315789474,0.42105263157895,0.22160664819944,6
118,500003,0.23822748496963,1,541
28,500001,1.403234640757,1,542
68,500004,-1.3117176620252,1,946
49,500001,-0.46186712240974,1,947
28,177,1,1,948
177,500001,1.403234640757,1,949
98,177,0.26315789473684,2.1052631578947,0.5,0.10526315789474,0.42105263157895,0.22160664819944,6
118,500003,0.23822748496963,1,541
28,500001,1.403234640757,1,542
68,500004,-1.3117176620252,1,946
49,500001,-0.46186712240974,1,947
28,177,1,1,948
177,500001,1.403234640757,1,949
89,89,0,0,1
89,177,0.25,2.1052631578947,0.475,0.1,0.361,0.1805,6
140,500004,-1.9038056581317,0,157
129,500003,1.6568498794519,1,158
79,500001,-0.10345774712363,1,1091
65,500001,1.7195959349345,0,1092
65,177,1,1,1093
177,500001,1.7195959349345,1,1094
89,177,0.25,2.1052631578947,0.475,0.1,0.361,0.1805,6
140,500004,-1.9038056581317,0,157
129,500003,1.6568498794519,1,158
79,500001,-0.10345774712363,1,1091
65,500001,1.7195959349345,0,1092
65,177,1,1,1093
177,500001,1.7195959349345,1,1094
98,98,0,0,1
98,177,0.2375,2.1052631578947,0.475,0.11080332409973,0.4,0.2,7
140,500004,-1.9038056581317,1,157
129,500003,1.6568498794519,1,158
59,500002,-0.89059114352855,0,1095
125,500004,-0.99093600268563,1,1096
32,500004,-0.26667073580126,1,1097
59,177,1,1,1098
177,500002,-0.89059114352855,0,1099
98,177,0.2375,2.1052631578947,0.475,0.11080332409973,0.4,0.2,7
140,500004,-1.9038056581317,1,157
129,500003,1.6568498794519,1,158
59,500002,-0.89059114352855,0,1095
125,500004,-0.99093600268563,1,1096
32,500004,-0.26667073580126,1,1097
59,177,1,1,1098
177,500002,-0.89059114352855,0,1099
98,98,0,0,1
98,177,0.26315789473684,2.1052631578947,0.5,0.11080332409973,0.38,0.19,6
140,500004,-1.9038056581317,1,157
129,500003,1.6568498794519,1,158
35,500005,0.62471388897366,1,1105
140,500003,0.60725730155339,0,1106
140,177,1,1,1107
177,500003,0.60725730155339,1,1108
98,177,0.26315789473684,2.1052631578947,0.5,0.11080332409973,0.38,0.19,6
140,500004,-1.9038056581317,1,157
129,500003,1.6568498794519,1,158
35,500005,0.62471388897366,1,1105
140,500003,0.60725730155339,0,1106
140,177,1,1,1107
177,500003,0.60725730155339,1,1108
89,89,0,0,1
89,177,0.26315789473684,2.1052631578947,0.45125,0.1,0.4,0.1805,6
140,500004,-1.9038056581317,0,157
129,500003,1.6568498794519,1,158
56,500001,1.0293893246254,0,1109
154,500003,-1.3177282021546,1,1110
56,177,1,1,1111
177,500001,1.0293893246254,1,1112
89,177,0.26315789473684,2.1052631578947,0.45125,0.1,0.4,0.1805,6
140,500004,-1.9038056581317,0,157
129,500003,1.6568498794519,1,158
56,500001,1.0293893246254,0,1109
154,500003,-1.3177282021546,1,1110
56,177,1,1,1111
177,500001,1.0293893246254,1,1112
1,1,0,0,1
1,177,0.25,1.9,0.475,0.1,0.4,0.19,6
140,500004,-1.9038056581317,1,157
129,500003,1.6568498794519,1,158
36,500005,0.98771019623402,0,1113
110,500003,-1.871578112125,1,1114
36,177,1,1,1115
177,500005,0.99581896420179,1,1116
1,177,0.25,1.9,0.475,0.1,0.4,0.19,6
140,500004,-1.9038056581317,1,157
129,500003,1.6568498794519,1,158
36,500005,0.98771019623402,0,1113
110,500003,-1.871578112125,1,1114
36,177,1,1,1115
177,500005,0.99581896420179,1,1116
2,2,0,0,1
2,177,0.25,2,0.5,0.11080332409973,0.361,0.19,6
140,500004,-1.9038056581317,0,157
129,500003,1.6568498794519,0,158
11,500001,1.8625446333201,0,1119
73,500003,0.74312570574053,1,1120
11,177,1,1,1121
177,500001,1.8625446333201,1,1122
2,177,0.25,2,0.5,0.11080332409973,0.361,0.19,6
140,500004,-1.9038056581317,0,157
129,500003,1.6568498794519,0,158
11,500001,1.8625446333201,0,1119
73,500003,0.74312570574053,1,1120
11,177,1,1,1121
177,500001,1.8625446333201,1,1122
0,0,1,1,1
0,177,0.26315789473684,2,0.45125,0.1,0.38,0.2,6
140,500004,-1.9038056581317,0,157
129,500003,1.6568498794519,0,158
35,500004,1.4938810388501,1,1127
28,500005,0.045228431043428,1,1128
129,177,1,1,1129
177,500003,1.6568498794519,0,1130
0,177,0.26315789473684,2,0.45125,0.1,0.38,0.2,6
140,500004,-1.9038056581317,0,157
129,500003,1.6568498794519,0,158
35,500004,1.4938810388501,1,1127
28,500005,0.045228431043428,1,1128
129,177,1,1,1129
177,500003,1.6568498794519,0,1130
98,98,0,0,1
98,177,0.2375,2,0.5,0.11080332409973,0.38,0.2,6
140,500004,-1.9038056581317,0,157
129,500003,1.6568498794519,1,158
119,500002,-0.6963713492233,0,1131
100,500002,-0.99264503921628,1,1132
119,177,1,1,1133
177,500002,-0.75433453713777,1,1134
98,177,0.2375,2,0.5,0.11080332409973,0.38,0.2,6
140,500004,-1.9038056581317,0,157
129,500003,1.6568498794519,1,158
119,500002,-0.6963713492233,0,1131
100,500002,-0.99264503921628,1,1132
119,177,1,1,1133
177,500002,-0.75433453713777,1,1134
98,98,0,0,1
98,177,0.25,1.9,0.5,0.11080332409973,0.4,0.19,6
140,500004,-1.9038056581317,0,157
129,500003,1.6568498794519,0,158
105,500005,1.3676564836573,1,1135
82,500004,-1.4550614947966,1,1136
129,177,1,1,1137
177,500003,1.6568498794519,1,1138
98,177,0.25,1.9,0.5,0.11080332409973,0.4,0.19,6
140,500004,-1.9038056581317,0,157
129,500003,1.6568498794519,0,158
105,500005,1.3676564836573,1,1135
82,500004,-1.4550614947966,1,1136
129,177,1,1,1137
177,500003,1.6568498794519,1,1138
10,10,0,0,1
10,177,0.27700831024931,1.9,0.52631578947368,0.11080332409973,0.38,0.21052631578947,6
125,500003,0.34040345469527,0,361
107,500001,-0.49909970397046,1,362
82,500001,-1.4069643238624,1,1155
121,500005,-1.5949583422346,1,1156
125,177,1,1,1157
177,500003,0.34040345469527,1,1158
10,177,0.27700831024931,1.9,0.52631578947368,0.11080332409973,0.38,0.21052631578947,6
125,500003,0.34040345469527,0,361
107,500001,-0.49909970397046,1,362
82,500001,-1.4069643238624,1,1155
121,500005,-1.5949583422346,1,1156
125,177,1,1,1157
177,500003,0.34040345469527,1,1158
